1 0 3.483884 12.293785
1 1 4.986676 11.347861
1 2 5.821516 13.144438
1 3 2.895882 12.254295
1 4 2.107240 13.201520
1 5 3.473022 12.887832
1 6 3.582254 12.760190
1 7 0.115187 12.550197
1 8 5.275148 12.865004
1 9 4.209199 8.003244
1 10 6.242673 13.187920
1 11 3.445244 11.747411
1 12 0.664419 13.152410
1 13 2.410602 12.979998
1 14 3.765414 12.921248
1 15 4.672137 13.122981
1 16 5.390963 13.018903
1 17 1.370507 12.264391
1 18 0.491460 11.308978
1 19 5.059005 11.807137
1 20 5.761799 12.560413
1 21 4.558872 12.673804
1 22 4.877532 12.392875
1 23 4.642919 11.524864
1 24 4.577885 12.031695
1 25 4.065796 12.570471
1 26 0.646235 11.626775
1 27 4.904158 12.955803
1 28 2.356907 12.935161
1 29 2.676346 13.003418
1 30 1.536020 8.646258
1 31 0.805248 12.995365
1 32 4.440926 13.092469
1 33 5.573092 12.696246
1 34 0.158958 11.306120
1 35 1.247901 11.754914
1 36 0.314568 9.661590
1 37 2.698439 10.003411
1 38 4.197646 11.039215
1 39 2.778410 12.997071
1 40 3.627106 12.595984
1 41 0.746533 13.110683
1 42 1.788875 11.802821
1 43 5.583995 10.357645
1 44 0.399079 11.879739
1 45 3.984918 12.755269
1 46 3.042455 12.767419
1 47 2.578897 11.431250
1 48 0.682735 12.962624
1 49 6.132582 12.786334
1 50 6.217715 13.047816
1 51 0.479264 12.987675
1 52 0.620885 13.177030
1 53 5.441198 12.346711
1 54 4.235876 11.407273
1 55 1.027692 12.767039
1 56 2.497442 12.865603
1 57 5.853138 12.812833
1 58 1.141730 11.794724
1 59 2.148914 11.082177
1 60 0.847919 12.875922
1 61 3.475909 8.553454
1 62 4.640811 12.020835
1 63 5.090570 9.084317
1 64 1.640424 10.878752
1 65 6.165239 11.299085
1 66 6.037265 12.866890
1 67 1.824051 13.153564
1 68 3.539020 13.150680
1 69 5.193496 13.015147
1 70 2.918485 12.888797
1 71 3.071507 7.454421
1 72 1.712227 10.752226
1 73 3.419059 12.545821
1 74 1.512222 12.470668
1 75 4.394766 10.511279
1 76 5.418619 12.638834
1 77 6.250516 12.863557
1 78 1.359110 12.079078
1 79 2.816606 11.184216
1 80 3.714682 12.416444
1 81 4.574488 12.526032
1 82 3.059976 12.223696
1 83 3.843727 13.204434
1 84 1.097417 13.163133
1 85 1.807521 12.506570
1 86 2.692041 11.953477
1 87 3.148645 11.354546
1 88 1.237302 11.718619
1 89 0.975039 13.169671
1 90 5.852492 12.508168
1 91 5.109665 10.816995
1 92 0.674109 11.253638
1 93 2.480986 11.164582
1 94 3.851710 12.738888
1 95 5.032752 10.912110
1 96 1.713066 12.942041
1 97 4.751969 12.286369
1 98 3.439408 11.445505
1 99 5.088853 12.653919
1 100 5.066549 11.627166
1 101 2.269543 13.099235
1 102 5.492217 12.893044
1 103 5.879671 10.748964
1 104 5.702706 13.135489
1 105 3.195857 13.108386
1 106 5.941330 10.944137
1 107 3.976753 12.742085
1 108 0.816147 13.159684
1 109 2.365473 13.192378
1 110 5.472146 11.529672
1 111 5.951065 12.983392
1 112 4.439095 13.033879
1 113 5.675069 11.708211
1 114 0.449173 12.861472
1 115 6.132143 11.666682
1 116 5.093926 10.599419
1 117 0.707940 12.713550
1 118 1.253503 11.784264
1 119 4.749291 13.165516
1 120 0.875952 13.085974
1 121 5.945038 12.843574
1 122 3.684299 13.116551
1 123 0.866351 12.145889
1 124 3.813160 11.652938
1 125 2.885118 12.324734
1 126 4.346864 12.415459
1 127 3.904147 12.575822
1 128 0.689660 12.592540
1 129 4.098092 12.298151
1 130 1.493582 12.977623
1 131 0.371370 11.990872
1 132 6.065551 13.165537
1 133 4.607281 12.992004
1 134 1.383737 13.002395
1 135 1.708893 12.388010
1 136 4.735348 12.670438
1 137 2.793786 12.919963
1 138 5.009351 12.708147
1 139 0.353723 12.135671
1 140 0.608776 12.580396
1 141 5.541446 12.321856
1 142 5.791840 11.284413
1 143 1.175229 12.352852
1 144 0.175252 13.187506
1 145 1.337149 10.942519
1 146 2.937186 12.841713
1 147 1.973157 12.830917
1 148 2.787830 12.518725
1 149 3.755420 13.167015
1 150 3.370638 11.864568
1 151 0.148071 10.680464
1 152 0.551874 12.799293
1 153 3.959264 12.438210
1 154 0.318808 10.523017
1 155 1.817366 11.777917
1 156 1.268644 13.027928
1 157 5.883225 12.992888
1 158 4.238033 13.062522
1 159 0.975613 13.062982
1 160 6.048590 11.712606
1 161 6.082119 12.653840
1 162 4.021280 12.524660
1 163 5.422142 12.813424
1 164 2.069343 13.118327
1 165 4.697492 12.455847
1 166 2.075506 10.717066
1 167 0.979597 11.383988
1 168 1.504233 12.550645
1 169 1.905420 11.300114
1 170 2.968663 12.799225
1 171 2.750626 12.105453
1 172 4.798413 11.825033
1 173 5.014605 12.641850
1 174 3.125935 12.506845
1 175 0.883361 9.395633
1 176 2.019794 12.456967
1 177 5.593931 13.083906
1 178 2.454386 9.157301
1 179 0.283814 11.478308
1 180 1.344080 11.636505
1 181 3.680525 11.260011
1 182 3.543682 12.245349
1 183 6.046966 11.535643
1 184 3.315798 11.194361
1 185 0.587772 12.841614
1 186 5.391988 13.227342
1 187 4.238583 12.280295
1 188 5.689065 12.012007
1 189 0.377291 12.427636
1 190 2.677035 12.582901
1 191 5.423156 12.947667
1 192 1.942946 11.507049
1 193 4.454718 11.477490
1 194 3.183604 11.723225
1 195 2.637876 11.473749
1 196 3.436652 11.633692
1 197 1.664085 13.220570
1 198 4.695338 13.080587
1 199 5.745065 12.905343
1 200 3.097067 12.825595
1 201 1.729228 13.217679
1 202 3.388051 12.687048
1 203 6.113084 9.487758
1 204 2.654628 12.492360
1 205 5.325746 13.185682
1 206 1.467841 10.868135
1 207 3.745305 11.677055
1 208 2.916433 12.249183
1 209 1.524935 12.772658
1 210 0.372184 8.808422
1 211 4.344537 11.869740
1 212 4.198026 12.062721
1 213 4.505984 9.314534
1 214 1.153302 12.556512
1 215 4.338131 11.979685
1 216 4.017515 11.817027
1 217 0.173053 9.013649
1 218 5.751984 12.981615
1 219 3.916311 13.227008
1 220 0.210142 12.712071
1 221 1.171903 12.431828
1 222 1.141403 12.839232
1 223 5.088771 11.320087
1 224 0.550861 11.930141
1 225 3.874689 13.160048
1 226 4.493331 13.028987
1 227 4.731880 12.767149
1 228 1.661476 12.623436
1 229 5.018352 12.433404
1 230 0.639357 12.484869
1 231 0.781962 12.388044
1 232 2.857471 11.538144
1 233 5.779253 13.021509
1 234 0.957967 12.649580
1 235 4.449696 12.248490
1 236 0.088066 12.970490
1 237 2.846092 10.413856
1 238 4.255622 12.955404
1 239 5.287306 12.846352
1 240 1.982199 11.417513
1 241 5.729528 12.461577
1 242 4.814849 13.188732
1 243 2.600518 11.860621
1 244 0.849717 13.188569
1 245 3.007918 12.928852
1 246 4.408983 12.889485
1 247 6.145947 12.072261
1 248 4.744895 13.014863
1 249 3.309538 10.374675
1 250 2.771208 10.250038
1 251 0.587785 12.892876
1 252 0.814463 12.468729
1 253 4.088743 12.239095
1 254 5.085556 11.171723
1 255 3.593383 12.380402
1 256 5.971672 13.060870
1 257 0.976915 12.401050
1 258 0.934763 11.650911
1 259 4.696475 12.174475
1 260 4.913117 12.809986
1 261 3.273554 12.907056
1 262 5.211088 12.401363
1 263 4.022183 12.363260
1 264 2.495145 12.129623
1 265 3.092473 12.999374
1 266 2.524585 10.951115
1 267 1.842441 12.126045
1 268 0.830950 12.280019
1 269 2.125947 9.625098
1 270 2.740862 9.676166
1 271 0.417890 10.214052
1 272 2.475871 12.616586
1 273 0.649499 12.913826
1 274 4.972237 12.249250
1 275 5.195114 10.849192
1 276 0.483996 12.162994
1 277 0.357898 12.693282
1 278 5.321799 10.266679
1 279 3.084696 11.734608
1 280 5.428616 12.877779
1 281 0.516926 8.125046
1 282 3.574242 12.841393
1 283 5.009064 12.639081
1 284 2.007367 11.718004
1 285 4.038512 13.045486
1 286 0.287971 11.465877
1 287 0.894392 11.683445
1 288 5.851206 12.503093
1 289 6.174475 12.875110
1 290 0.606679 11.624707
1 291 1.859241 11.154794
1 292 0.988702 12.989271
1 293 0.502574 12.683588
1 294 0.314033 13.222149
1 295 1.561075 12.169922
1 296 3.481254 10.161256
1 297 1.129480 12.725647
1 298 4.437369 13.063654
1 299 5.177502 8.513375
1 300 0.707185 13.195036
1 301 4.909779 12.441583
1 302 1.106045 13.012056
1 303 3.758997 10.010217
1 304 1.064877 13.085742
1 305 5.214323 12.140356
1 306 2.453506 12.840976
1 307 2.762231 13.059549
1 308 3.007517 12.235434
1 309 3.469525 12.311150
1 310 0.568890 12.287426
1 311 2.781015 11.211762
1 312 0.825415 11.934455
1 313 4.822454 12.010280
1 314 3.765854 10.955494
1 315 5.424335 12.108387
1 316 0.366414 11.672009
1 317 5.468194 11.934016
1 318 3.571915 12.893809
1 319 2.146525 12.437406
1 320 0.311108 11.553484
1 321 0.025162 12.992399
1 322 1.868042 12.502818
1 323 6.206823 12.494699
1 324 6.052198 11.357631
1 325 1.913924 12.256830
1 326 2.140577 13.158497
1 327 4.388047 11.508538
1 328 2.322248 12.429148
1 329 1.945591 12.443638
1 330 0.360901 8.887336
1 331 4.277956 12.990218
1 332 5.137669 13.073818
1 333 2.199775 12.226268
1 334 0.123786 12.617542
1 335 0.780004 11.756600
1 336 5.423964 13.137936
1 337 3.199509 13.056179
1 338 3.592558 13.008822
1 339 5.884379 12.368480
1 340 0.233124 12.270420
1 341 3.699474 12.882676
1 342 6.210056 12.634506
1 343 5.339693 12.804457
1 344 4.731652 12.673718
1 345 2.054037 13.010414
1 346 2.088839 11.148355
1 347 5.819869 13.217848
1 348 3.511773 13.024249
1 349 3.369720 12.823259
1 350 6.082759 12.147329
1 351 4.070453 11.877431
1 352 4.954890 11.002670
1 353 6.232359 13.014036
1 354 4.109924 12.669017
1 355 5.625834 9.931094
1 356 1.065485 11.758698
1 357 0.433564 12.400126
1 358 4.846459 13.012718
1 359 3.241476 10.088392
1 360 0.492171 12.298613
1 361 2.104293 10.914744
1 362 5.344320 12.566400
1 363 3.524333 12.849237
1 364 3.377435 12.569133
1 365 6.208466 13.099747
1 366 4.760592 12.346990
1 367 2.117361 11.964547
1 368 4.982510 12.239788
1 369 5.696560 12.729051
1 370 1.616902 12.486860
1 371 0.869112 11.203141
1 372 1.798147 12.531694
1 373 3.674744 12.937165
1 374 0.792748 13.153542
1 375 3.656346 13.094852
1 376 5.928548 12.941613
1 377 3.865929 10.118948
1 378 1.118430 11.251942
1 379 1.279405 12.985316
1 380 1.717944 11.656147
1 381 1.389688 12.961519
1 382 5.200419 13.188115
1 383 3.627647 12.206574
1 384 5.573584 12.015931
1 385 0.425807 12.400551
1 386 1.797044 13.032653
1 387 3.589688 12.939110
1 388 2.597595 12.166243
1 389 3.956611 13.015340
1 390 1.614282 12.258049
1 391 4.675261 12.930345
1 392 0.807225 12.947918
1 393 6.249327 12.670962
1 394 3.365080 12.770131
1 395 0.138334 12.951421
1 396 2.450231 11.158320
1 397 5.278374 12.879288
1 398 5.035071 12.920797
1 399 5.267209 12.552198
1 400 5.663857 11.769972
1 401 5.232771 10.271067
1 402 0.704750 12.968140
1 403 4.772907 12.580413
1 404 3.520520 12.295506
1 405 0.409501 12.611065
1 406 3.776105 11.103193
1 407 0.111261 11.156508
1 408 1.059581 11.593428
1 409 0.225800 13.212101
1 410 1.322948 11.704978
1 411 3.224499 13.152970
1 412 1.892156 12.080606
1 413 5.140644 12.682805
1 414 4.842522 13.092414
1 415 4.969512 11.892027
1 416 3.534498 11.833627
1 417 5.400909 12.005740
1 418 0.175185 11.823847
1 419 1.258407 12.020702
1 420 0.053778 12.118605
1 421 2.547323 12.841964
1 422 0.469484 12.052043
1 423 2.130027 12.539930
1 424 2.735986 12.879014
1 425 5.953725 12.640208
1 426 2.719961 11.929524
1 427 1.548929 12.455603
1 428 5.114725 11.572078
1 429 5.256159 13.144014
1 430 4.531055 12.129017
1 431 1.614070 11.993311
1 432 1.578398 12.810573
1 433 6.021615 13.072810
1 434 4.622425 12.818542
1 435 5.449289 13.011659
1 436 2.664744 11.523197
1 437 2.222900 12.829575
1 438 4.372011 12.364088
1 439 4.663294 11.752316
1 440 0.425569 13.051688
1 441 4.883747 11.764620
1 442 0.945687 12.359594
1 443 1.474463 13.197496
1 444 0.555877 9.053246
1 445 3.451290 13.135253
1 446 4.389923 11.154242
1 447 0.586114 11.176583
1 448 5.797154 9.485733
1 449 1.438719 13.161302
1 450 1.321380 11.885218
1 451 2.529410 13.101078
1 452 2.318250 11.969787
1 453 0.837168 11.462549
1 454 2.822052 13.143868
1 455 1.231887 10.624030
1 456 3.551110 12.318246
1 457 0.109966 8.697166
1 458 6.265124 11.655494
1 459 4.274024 12.864372
1 460 2.031865 13.115742
1 461 5.624749 12.901666
1 462 0.224303 13.199713
1 463 6.106924 7.646978
1 464 0.252221 9.254690
1 465 3.874665 12.947218
1 466 1.867280 12.867249
1 467 5.559726 13.203311
1 468 4.873200 11.856275
1 469 4.592605 13.204767
1 470 5.614170 12.909404
1 471 4.659688 9.956032
1 472 5.656941 12.460370
1 473 1.095706 11.448306
1 474 0.070897 10.380771
1 475 6.176696 10.817098
1 476 0.528673 12.718265
1 477 2.241366 10.595279
1 478 5.445937 13.068031
1 479 0.491248 12.729475
1 480 3.327561 10.260129
1 481 0.988574 11.743879
1 482 4.486802 11.036071
1 483 3.097185 13.173708
1 484 0.378823 12.386673
1 485 4.488883 12.910805
1 486 0.947912 9.383737
1 487 2.591902 12.466496
1 488 1.351854 13.161906
1 489 5.960547 12.122511
1 490 2.774152 12.906659
1 491 3.525514 9.872746
1 492 5.089133 12.295304
1 493 4.055801 10.103927
1 494 1.548799 11.816095
1 495 3.666857 11.619827
1 496 2.629776 11.356918
1 497 3.788016 11.539251
1 498 4.920545 13.049721
1 499 3.910209 13.101696