2 0 5.299368 12.746102
2 1 2.115907 11.232961
2 2 2.956533 11.260024
2 3 1.317892 12.305590
2 4 0.049961 11.236562
2 5 2.955563 12.893744
2 6 1.496467 12.584692
2 7 4.998227 11.423586
2 8 1.332383 11.665860
2 9 2.571908 10.482472
2 10 6.030721 13.049176
2 11 2.967939 11.563236
2 12 3.465547 12.927715
2 13 2.128727 11.786798
2 14 6.260730 12.514793
2 15 1.925963 10.938066
2 16 4.739365 11.939078
2 17 4.002903 12.909238
2 18 2.739977 10.882331
2 19 4.690913 12.493789
2 20 4.043109 12.921858
2 21 4.262650 10.559951
2 22 3.889726 12.424732
2 23 4.055682 11.004354
2 24 1.176428 13.157129
2 25 4.523191 13.028773
2 26 1.180176 12.960717
2 27 5.547859 11.546684
2 28 2.548129 12.914185
2 29 2.661477 12.584946
2 30 4.124144 11.590402
2 31 1.519400 12.566632
2 32 2.346125 10.588653
2 33 3.993036 11.155110
2 34 4.559912 12.625823
2 35 1.592854 12.651611
2 36 3.764055 9.868530
2 37 1.576226 12.920001
2 38 2.550009 10.394226
2 39 0.309519 12.103670
2 40 5.976312 11.395114
2 41 4.650400 13.040534
2 42 6.040654 12.007865
2 43 5.519025 12.656094
2 44 5.308475 12.778234
2 45 4.831271 12.358038
2 46 0.201573 13.214097
2 47 5.729758 12.577597
2 48 5.589789 12.236578
2 49 1.350614 12.033237
2 50 5.840373 12.437607
2 51 6.186352 12.287556
2 52 2.515786 12.892007
2 53 4.691837 11.176136
2 54 0.828114 11.240609
2 55 2.509046 13.119343
2 56 3.550881 13.039850
2 57 1.394543 12.292985
2 58 4.791335 13.095438
2 59 5.613947 12.058780
2 60 2.527701 11.870199
2 61 0.682873 12.515310
2 62 4.229519 13.201574
2 63 5.276971 12.193414
2 64 3.569053 13.157130
2 65 1.119455 12.367255
2 66 3.287868 13.005547
2 67 0.164298 10.011567
2 68 2.502013 11.374761
2 69 4.586264 12.283801
2 70 3.574306 13.054590
2 71 3.851369 13.047745
2 72 1.688386 10.975994
2 73 4.150351 13.187872
2 74 5.876295 12.218198
2 75 4.013159 12.712856
2 76 1.359961 11.507677
2 77 4.850084 10.473113
2 78 4.825477 12.044896
2 79 2.842419 12.715696
2 80 4.188271 11.982915
2 81 5.237586 12.964404
2 82 4.984495 10.772305
2 83 0.713422 12.961855
2 84 3.974834 10.909452
2 85 4.533450 12.946347
2 86 6.111811 12.718602
2 87 2.107957 12.882179
2 88 1.064360 6.312999
2 89 1.713547 13.089434
2 90 3.456236 10.197593
2 91 2.778281 11.409263
2 92 4.139553 12.926451
2 93 4.122493 12.531882
2 94 5.189050 13.084033
2 95 4.793189 12.379903
2 96 4.643600 12.093285
2 97 4.287089 12.277528
2 98 2.866288 11.241433
2 99 4.548232 13.111357
2 100 4.017012 12.490722
2 101 1.823892 12.043990
2 102 4.900131 11.998979
2 103 5.362648 9.500845
2 104 3.906971 13.058950
2 105 0.338776 12.991833
2 106 0.236530 12.370886
2 107 5.896219 11.737231
2 108 4.462236 12.099218
2 109 0.774741 12.267623
2 110 4.417254 10.511355
2 111 0.179051 12.498172
2 112 3.032334 11.676764
2 113 6.122578 9.735691
2 114 3.183465 11.729642
2 115 0.173373 13.030328
2 116 0.902937 12.749418
2 117 4.762928 10.013093
2 118 5.929113 12.045654
2 119 5.484374 12.185757
2 120 4.635401 9.959685
2 121 4.632921 11.360848
2 122 2.657021 11.819738
2 123 2.964828 13.049107
2 124 1.698297 12.097233
2 125 4.204172 8.697788
2 126 3.024314 11.732542
2 127 2.610034 9.074194
2 128 2.566177 12.610056
2 129 5.672084 10.144979
2 130 0.553866 9.897551
2 131 0.383749 12.897871
2 132 1.559537 11.090200
2 133 0.976686 12.961327
2 134 2.705883 13.191698
2 135 4.758365 12.997089
2 136 6.001024 12.374417
2 137 5.930029 12.634135
2 138 1.070871 12.556004
2 139 3.210932 12.501199
2 140 0.068055 12.979303
2 141 2.601533 12.380595
2 142 5.515142 11.016711
2 143 2.865831 12.806187
2 144 1.377808 12.671978
2 145 1.264592 12.768403
2 146 1.817002 12.847253
2 147 3.388477 12.263999
2 148 0.511833 11.744367
2 149 4.582006 12.330500
2 150 4.543038 12.394303
2 151 4.275814 11.810549
2 152 6.165286 12.003856
2 153 0.352552 13.021988
2 154 0.251144 12.180902
2 155 3.722140 13.162423
2 156 4.695403 13.219515
2 157 3.411568 12.001363
2 158 5.252055 4.489926
2 159 5.725494 13.156651
2 160 2.248944 13.078403
2 161 2.278353 11.925578
2 162 2.355241 10.325335
2 163 1.159301 12.465878
2 164 3.748808 10.164359
2 165 6.084789 12.746090
2 166 2.515306 11.919093
2 167 6.269538 12.626903
2 168 1.716891 13.158286
2 169 3.350379 12.757914
2 170 3.902388 13.059786
2 171 2.287235 12.653260
2 172 0.829821 10.258750
2 173 6.241966 8.926609
2 174 5.693016 10.289446
2 175 0.145369 12.844435
2 176 0.107989 12.618410
2 177 5.724721 12.605548
2 178 1.807366 13.101955
2 179 5.330304 10.531733
2 180 0.058957 11.106340
2 181 1.281649 12.568676
2 182 2.926140 12.945837
2 183 4.971671 11.548737
2 184 1.606906 12.737227
2 185 0.327881 10.609845
2 186 2.828197 12.554831
2 187 1.540714 12.136680
2 188 2.030733 12.886765
2 189 3.456709 12.902069
2 190 0.900583 12.163037
2 191 3.099339 13.008881
2 192 6.025799 12.579878
2 193 3.471803 12.873503
2 194 3.141711 12.587190
2 195 0.822968 12.337432
2 196 1.367643 12.717710
2 197 5.774932 11.790042
2 198 3.372619 11.678635
2 199 2.653629 11.261720
2 200 0.219097 12.423287
2 201 4.205633 12.398130
2 202 5.596626 10.152677
2 203 0.422127 12.926706
2 204 0.962656 12.026848
2 205 2.784739 12.787909
2 206 1.197729 9.782094
2 207 2.871812 13.024947
2 208 2.141767 13.215515
2 209 2.490322 10.929883
2 210 2.579351 12.290908
2 211 2.200961 11.990902
2 212 5.417908 12.835229
2 213 1.957592 12.591029
2 214 6.156126 11.572748
2 215 1.203680 13.209150
2 216 1.309546 10.761723
2 217 3.139331 13.097073
2 218 4.872474 12.181833
2 219 1.967162 9.926701
2 220 1.157109 11.462883
2 221 1.415184 12.640523
2 222 4.352793 11.794299
2 223 3.295180 13.184820
2 224 4.347425 10.058011
2 225 5.494853 13.092515
2 226 2.815607 12.909259
2 227 4.590584 12.763033
2 228 3.105337 13.173733
2 229 4.457670 12.424510
2 230 4.876212 10.336399
2 231 3.070315 8.019437
2 232 4.787478 7.667842
2 233 0.525560 12.263901
2 234 3.487918 12.595860
2 235 2.928712 11.547215
2 236 0.961438 11.758151
2 237 0.716679 10.890827
2 238 2.347706 11.955704
2 239 5.525606 13.142831
2 240 3.514175 11.474766
2 241 1.055537 13.218291
2 242 6.149904 10.366643
2 243 1.996925 12.426861
2 244 5.911112 13.193021
2 245 5.950333 11.650347
2 246 5.832760 12.512427
2 247 4.406711 11.762555
2 248 2.663923 11.306226
2 249 1.430634 8.392838
2 250 1.141808 11.748153
2 251 4.513682 12.718120
2 252 2.420056 10.994595
2 253 1.134292 11.449868
2 254 2.959034 13.150310
2 255 5.179708 13.189208
2 256 5.113987 7.132996
2 257 0.236620 11.260587
2 258 5.598181 12.678534
2 259 1.669575 10.999635
2 260 2.404955 12.928590
2 261 3.447061 12.761821
2 262 4.074186 12.868049
2 263 0.008396 13.133648
2 264 0.219673 12.902465
2 265 0.323578 12.922318
2 266 5.798375 11.391186
2 267 3.464727 12.767377
2 268 3.784436 11.581838
2 269 0.419823 13.132498
2 270 4.975731 10.454871
2 271 0.650308 12.063884
2 272 5.551591 13.037381
2 273 2.504053 11.365573
2 274 3.120473 11.863347
2 275 3.809509 10.583509
2 276 5.510351 13.017192
2 277 1.196772 12.295922
2 278 2.543971 12.961400
2 279 3.756275 12.503163
2 280 2.644199 11.917713
2 281 4.125124 12.701217
2 282 2.633928 12.936163
2 283 4.094635 13.200409
2 284 5.905685 11.643075
2 285 0.595463 11.582422
2 286 3.830803 12.951365
2 287 2.121579 12.377913
2 288 2.132700 11.561928
2 289 1.682610 10.967212
2 290 2.516074 10.637282
2 291 4.495416 12.821393
2 292 0.182318 10.272818
2 293 5.044592 12.516360
2 294 0.614172 12.587601
2 295 5.489932 12.313812
2 296 0.314349 12.283062
2 297 5.417760 12.435806
2 298 4.638538 12.325805
2 299 3.083456 11.810450
2 300 1.460481 12.126688
2 301 2.576084 10.920084
2 302 4.924690 11.506392
2 303 2.107308 13.063224
2 304 3.040109 12.072242
2 305 6.027378 10.531717
2 306 2.998852 11.823626
2 307 1.016238 12.345314
2 308 3.648612 9.050903
2 309 5.907459 11.809369
2 310 2.295326 11.125414
2 311 1.237970 12.556684
2 312 2.162891 13.151192
2 313 5.557952 13.119993
2 314 3.601753 12.639445
2 315 4.779281 11.179786
2 316 6.037142 12.993716
2 317 4.070334 11.521295
2 318 5.769842 8.119453
2 319 5.452851 12.584582
2 320 3.684375 11.033539
2 321 1.799763 13.145363
2 322 3.153467 12.484428
2 323 3.581212 13.119852
2 324 2.593645 12.335477
2 325 4.781679 11.345663
2 326 2.036506 9.263297
2 327 1.215460 11.847984
2 328 0.109007 13.126053
2 329 4.717640 12.111311
2 330 2.848450 12.332122
2 331 2.489810 12.559155
2 332 4.285915 13.171245
2 333 0.997867 12.080908
2 334 0.171416 13.193814
2 335 0.016151 12.038772
2 336 5.364577 12.801221
2 337 4.255833 12.678129
2 338 4.631915 12.872477
2 339 2.753754 13.024471
2 340 4.759346 12.949757
2 341 5.831346 13.121202
2 342 0.988710 13.065623
2 343 4.712063 12.987574
2 344 1.253848 12.359200
2 345 4.808478 11.904914
2 346 0.077069 13.007333
2 347 0.421519 11.745787
2 348 1.292061 12.907524
2 349 1.852370 12.896141
2 350 1.586920 12.786414
2 351 5.319268 13.087023
2 352 3.684435 12.299872
2 353 2.903171 12.738904
2 354 4.845776 10.345263
2 355 2.975541 12.287263
2 356 0.625987 12.585601
2 357 3.834603 12.856294
2 358 3.287323 12.669260
2 359 2.712414 11.624052
2 360 5.409999 12.953365
2 361 2.360284 10.645238
2 362 2.252809 12.496696
2 363 3.566866 12.189428
2 364 4.201190 10.747448
2 365 5.008346 10.051442
2 366 1.004572 11.937651
2 367 0.173237 11.513197
2 368 1.053158 12.386832
2 369 0.438987 9.734675
2 370 2.450148 12.247555
2 371 2.937686 12.386939
2 372 5.938229 13.126296
2 373 4.690832 12.438019
2 374 2.752585 12.982177
2 375 1.200352 12.783330
2 376 2.357767 12.182210
2 377 1.083282 11.573231
2 378 0.059254 11.543301
2 379 1.872259 11.810816
2 380 3.786199 13.102707
2 381 3.765370 11.430744
2 382 4.641848 11.995381
2 383 3.196592 10.266845
2 384 0.731830 12.147319
2 385 5.310755 12.344989
2 386 0.766922 12.758719
2 387 6.258113 13.140696
2 388 2.454359 11.531294
2 389 3.364332 11.022092
2 390 5.785820 11.607065
2 391 0.803159 12.788711
2 392 1.842135 12.781330
2 393 0.187792 12.777073
2 394 0.253404 12.730971
2 395 6.161834 11.940342
2 396 2.657471 12.143328
2 397 2.547188 13.007088
2 398 1.299440 10.158638
2 399 0.427954 12.739461
2 400 3.096175 10.170336
2 401 5.213249 12.035005
2 402 1.420779 11.043703
2 403 4.285062 12.028769
2 404 3.570751 12.921117
2 405 2.798898 12.388010
2 406 5.930893 12.163047
2 407 4.933787 12.889284
2 408 5.488497 11.117505
2 409 3.391232 10.162986
2 410 0.898444 12.309046
2 411 3.498319 12.184376
2 412 0.630714 9.134204
2 413 4.572048 12.768840
2 414 5.506102 11.241929
2 415 3.961425 12.651846
2 416 4.455525 12.456912
2 417 6.182188 9.806206
2 418 1.796479 11.857147
2 419 3.468258 10.820515
2 420 5.550274 5.763612
2 421 2.157430 11.032459
2 422 3.586027 13.055525
2 423 0.404639 12.493288
2 424 5.929610 12.069254
2 425 2.250054 13.114207
2 426 0.782567 10.147950
2 427 4.100784 12.909092
2 428 5.510695 12.629397
2 429 3.343436 11.477724
2 430 1.106464 13.005772
2 431 0.769518 10.521694
2 432 3.913164 13.086977
2 433 5.155108 10.235343
2 434 4.852586 12.645178
2 435 4.793688 11.894915
2 436 2.324151 13.087107
2 437 3.034471 9.697553
2 438 1.475964 12.236797
2 439 2.418331 12.981613
2 440 0.951795 11.529263
2 441 1.667258 12.823835
2 442 4.133573 10.101112
2 443 3.147643 12.270629
2 444 1.874503 13.185537
2 445 1.811509 12.423492
2 446 1.229569 12.566394
2 447 2.259771 11.094530
2 448 3.249547 12.979357
2 449 4.569192 12.800372
2 450 3.471875 12.385550
2 451 5.938622 10.031294
2 452 3.747628 12.529081
2 453 5.423019 11.002605
2 454 6.129016 12.871339
2 455 0.062796 13.057898
2 456 6.226550 12.825018
2 457 2.531988 11.919365
2 458 1.214910 10.299100
2 459 1.154836 12.381753
2 460 5.887525 12.429015
2 461 6.070380 13.049603
2 462 5.547372 12.734838
2 463 5.976643 12.588911
2 464 3.178660 11.809453
2 465 4.332681 13.152290
2 466 1.059159 11.968703
2 467 6.163376 11.417256
2 468 0.394839 10.904965
2 469 3.747194 13.178775
2 470 0.578188 12.062138
2 471 1.038296 13.119275
2 472 5.540043 12.177773
2 473 4.598492 13.130030
2 474 2.966730 10.136316
2 475 3.561181 12.569752
2 476 2.436487 12.276052
2 477 3.404979 12.833058
2 478 5.395343 12.378216
2 479 4.214407 12.660730
2 480 1.077901 12.669129
2 481 2.658168 12.707967
2 482 6.252019 12.580719
2 483 0.660662 13.153067
2 484 1.558382 11.716229
2 485 0.604342 12.708115
2 486 1.934661 12.848790
2 487 2.658124 12.964756
2 488 5.212922 13.017182
2 489 1.663287 12.778476
2 490 0.443572 11.001571
2 491 4.467537 12.461117
2 492 2.289660 12.863067
2 493 4.580732 12.912031
2 494 4.687767 12.589501
2 495 3.692635 10.106858
2 496 4.775856 13.214071
2 497 1.619543 11.468756
2 498 2.605975 12.664048
2 499 5.108362 11.868828