1 0 3.483884 12.293785
1 1 4.986676 11.347861
1 2 5.821516 13.144438
1 3 2.895882 12.254295
1 4 2.107240 13.201520
1 5 3.473022 12.887832
1 6 3.582254 12.760190
1 7 0.115187 12.550197
1 8 5.275148 12.865004
1 9 4.209199 8.003244
1 10 6.242673 13.187920
1 11 3.445244 11.747411
1 12 0.664419 13.152410
1 13 2.410602 12.979998
1 14 3.765414 12.921248
1 15 4.672137 13.122981
1 16 5.390963 13.018903
1 17 1.370507 12.264391
1 18 0.491460 11.308978
1 19 5.059005 11.807137
1 20 5.761799 12.560413
1 21 4.558872 12.673804
1 22 4.877532 12.392875
1 23 4.642919 11.524864
1 24 4.577885 12.031695
1 25 4.065796 12.570471
1 26 0.646235 11.626775
1 27 4.904158 12.955803
1 28 2.356907 12.935161
1 29 2.676346 13.003418
1 30 1.536020 8.646258
1 31 0.805248 12.995365
1 32 4.440926 13.092469
1 33 5.573092 12.696246
1 34 0.158958 11.306120
1 35 1.247901 11.754914
1 36 0.314568 9.661590
1 37 2.698439 10.003411
1 38 4.197646 11.039215
1 39 2.778410 12.997071
1 40 3.627106 12.595984
1 41 0.746533 13.110683
1 42 1.788875 11.802821
1 43 5.583995 10.357645
1 44 0.399079 11.879739
1 45 3.984918 12.755269
1 46 3.042455 12.767419
1 47 2.578897 11.431250
1 48 0.682735 12.962624
1 49 6.132582 12.786334
1 50 6.217715 13.047816
1 51 0.479264 12.987675
1 52 0.620885 13.177030
1 53 5.441198 12.346711
1 54 4.235876 11.407273
1 55 1.027692 12.767039
1 56 2.497442 12.865603
1 57 5.853138 12.812833
1 58 1.141730 11.794724
1 59 2.148914 11.082177
1 60 0.847919 12.875922
1 61 3.475909 8.553454
1 62 4.640811 12.020835
1 63 5.090570 9.084317
1 64 1.640424 10.878752
1 65 6.165239 11.299085
1 66 6.037265 12.866890
1 67 1.824051 13.153564
1 68 3.539020 13.150680
1 69 5.193496 13.015147
1 70 2.918485 12.888797
1 71 3.071507 7.454421
1 72 1.712227 10.752226
1 73 3.419059 12.545821
1 74 1.512222 12.470668
1 75 4.394766 10.511279
1 76 5.418619 12.638834
1 77 6.250516 12.863557
1 78 1.359110 12.079078
1 79 2.816606 11.184216
1 80 3.714682 12.416444
1 81 4.574488 12.526032
1 82 3.059976 12.223696
1 83 3.843727 13.204434
1 84 1.097417 13.163133
1 85 1.807521 12.506570
1 86 2.692041 11.953477
1 87 3.148645 11.354546
1 88 1.237302 11.718619
1 89 0.975039 13.169671
1 90 5.852492 12.508168
1 91 5.109665 10.816995
1 92 0.674109 11.253638
1 93 2.480986 11.164582
1 94 3.851710 12.738888
1 95 5.032752 10.912110
1 96 1.713066 12.942041
1 97 4.751969 12.286369
1 98 3.439408 11.445505
1 99 5.088853 12.653919
1 100 5.066549 11.627166
1 101 2.269543 13.099235
1 102 5.492217 12.893044
1 103 5.879671 10.748964
1 104 5.702706 13.135489
1 105 3.195857 13.108386
1 106 5.941330 10.944137
1 107 3.976753 12.742085
1 108 0.816147 13.159684
1 109 2.365473 13.192378
1 110 5.472146 11.529672
1 111 5.951065 12.983392
1 112 4.439095 13.033879
1 113 5.675069 11.708211
1 114 0.449173 12.861472
1 115 6.132143 11.666682
1 116 5.093926 10.599419
1 117 0.707940 12.713550
1 118 1.253503 11.784264
1 119 4.749291 13.165516
1 120 0.875952 13.085974
1 121 5.945038 12.843574
1 122 3.684299 13.116551
1 123 0.866351 12.145889
1 124 3.813160 11.652938
1 125 2.885118 12.324734
1 126 4.346864 12.415459
1 127 3.904147 12.575822
1 128 0.689660 12.592540
1 129 4.098092 12.298151
1 130 1.493582 12.977623
1 131 0.371370 11.990872
1 132 6.065551 13.165537
1 133 4.607281 12.992004
1 134 1.383737 13.002395
1 135 1.708893 12.388010
1 136 4.735348 12.670438
1 137 2.793786 12.919963
1 138 5.009351 12.708147
1 139 0.353723 12.135671
1 140 0.608776 12.580396
1 141 5.541446 12.321856
1 142 5.791840 11.284413
1 143 1.175229 12.352852
1 144 0.175252 13.187506
1 145 1.337149 10.942519
1 146 2.937186 12.841713
1 147 1.973157 12.830917
1 148 2.787830 12.518725
1 149 3.755420 13.167015
1 150 3.370638 11.864568
1 151 0.148071 10.680464
1 152 0.551874 12.799293
1 153 3.959264 12.438210
1 154 0.318808 10.523017
1 155 1.817366 11.777917
1 156 1.268644 13.027928
1 157 5.883225 12.992888
1 158 4.238033 13.062522
1 159 0.975613 13.062982
1 160 6.048590 11.712606
1 161 6.082119 12.653840
1 162 4.021280 12.524660
1 163 5.422142 12.813424
1 164 2.069343 13.118327
1 165 4.697492 12.455847
1 166 2.075506 10.717066
1 167 0.979597 11.383988
1 168 1.504233 12.550645
1 169 1.905420 11.300114
1 170 2.968663 12.799225
1 171 2.750626 12.105453
1 172 4.798413 11.825033
1 173 5.014605 12.641850
1 174 3.125935 12.506845
1 175 0.883361 9.395633
1 176 2.019794 12.456967
1 177 5.593931 13.083906
1 178 2.454386 9.157301
1 179 0.283814 11.478308
1 180 1.344080 11.636505
1 181 3.680525 11.260011
1 182 3.543682 12.245349
1 183 6.046966 11.535643
1 184 3.315798 11.194361
1 185 0.587772 12.841614
1 186 5.391988 13.227342
1 187 4.238583 12.280295
1 188 5.689065 12.012007
1 189 0.377291 12.427636
1 190 2.677035 12.582901
1 191 5.423156 12.947667
1 192 1.942946 11.507049
1 193 4.454718 11.477490
1 194 3.183604 11.723225
1 195 2.637876 11.473749
1 196 3.436652 11.633692
1 197 1.664085 13.220570
1 198 4.695338 13.080587
1 199 5.745065 12.905343
1 200 3.097067 12.825595
1 201 1.729228 13.217679
1 202 3.388051 12.687048
1 203 6.113084 9.487758
1 204 2.654628 12.492360
1 205 5.325746 13.185682
1 206 1.467841 10.868135
1 207 3.745305 11.677055
1 208 2.916433 12.249183
1 209 1.524935 12.772658
1 210 0.372184 8.808422
1 211 4.344537 11.869740
1 212 4.198026 12.062721
1 213 4.505984 9.314534
1 214 1.153302 12.556512
1 215 4.338131 11.979685
1 216 4.017515 11.817027
1 217 0.173053 9.013649
1 218 5.751984 12.981615
1 219 3.916311 13.227008
1 220 0.210142 12.712071
1 221 1.171903 12.431828
1 222 1.141403 12.839232
1 223 5.088771 11.320087
1 224 0.550861 11.930141
1 225 3.874689 13.160048
1 226 4.493331 13.028987
1 227 4.731880 12.767149
1 228 1.661476 12.623436
1 229 5.018352 12.433404
1 230 0.639357 12.484869
1 231 0.781962 12.388044
1 232 2.857471 11.538144
1 233 5.779253 13.021509
1 234 0.957967 12.649580
1 235 4.449696 12.248490
1 236 0.088066 12.970490
1 237 2.846092 10.413856
1 238 4.255622 12.955404
1 239 5.287306 12.846352
1 240 1.982199 11.417513
1 241 5.729528 12.461577
1 242 4.814849 13.188732
1 243 2.600518 11.860621
1 244 0.849717 13.188569
1 245 3.007918 12.928852
1 246 4.408983 12.889485
1 247 6.145947 12.072261
1 248 4.744895 13.014863
1 249 3.309538 10.374675
1 250 2.771208 10.250038
1 251 0.587785 12.892876
1 252 0.814463 12.468729
1 253 4.088743 12.239095
1 254 5.085556 11.171723
1 255 3.593383 12.380402
1 256 5.971672 13.060870
1 257 0.976915 12.401050
1 258 0.934763 11.650911
1 259 4.696475 12.174475
1 260 4.913117 12.809986
1 261 3.273554 12.907056
1 262 5.211088 12.401363
1 263 4.022183 12.363260
1 264 2.495145 12.129623
1 265 3.092473 12.999374
1 266 2.524585 10.951115
1 267 1.842441 12.126045
1 268 0.830950 12.280019
1 269 2.125947 9.625098
1 270 2.740862 9.676166
1 271 0.417890 10.214052
1 272 2.475871 12.616586
1 273 0.649499 12.913826
1 274 4.972237 12.249250
1 275 5.195114 10.849192
1 276 0.483996 12.162994
1 277 0.357898 12.693282
1 278 5.321799 10.266679
1 279 3.084696 11.734608
1 280 5.428616 12.877779
1 281 0.516926 8.125046
1 282 3.574242 12.841393
1 283 5.009064 12.639081
1 284 2.007367 11.718004
1 285 4.038512 13.045486
1 286 0.287971 11.465877
1 287 0.894392 11.683445
1 288 5.851206 12.503093
1 289 6.174475 12.875110
1 290 0.606679 11.624707
1 291 1.859241 11.154794
1 292 0.988702 12.989271
1 293 0.502574 12.683588
1 294 0.314033 13.222149
1 295 1.561075 12.169922
1 296 3.481254 10.161256
1 297 1.129480 12.725647
1 298 4.437369 13.063654
1 299 5.177502 8.513375
1 300 0.707185 13.195036
1 301 4.909779 12.441583
1 302 1.106045 13.012056
1 303 3.758997 10.010217
1 304 1.064877 13.085742
1 305 5.214323 12.140356
1 306 2.453506 12.840976
1 307 2.762231 13.059549
1 308 3.007517 12.235434
1 309 3.469525 12.311150
1 310 0.568890 12.287426
1 311 2.781015 11.211762
1 312 0.825415 11.934455
1 313 4.822454 12.010280
1 314 3.765854 10.955494
1 315 5.424335 12.108387
1 316 0.366414 11.672009
1 317 5.468194 11.934016
1 318 3.571915 12.893809
1 319 2.146525 12.437406
1 320 0.311108 11.553484
1 321 0.025162 12.992399
1 322 1.868042 12.502818
1 323 6.206823 12.494699
1 324 6.052198 11.357631
1 325 1.913924 12.256830
1 326 2.140577 13.158497
1 327 4.388047 11.508538
1 328 2.322248 12.429148
1 329 1.945591 12.443638
1 330 0.360901 8.887336
1 331 4.277956 12.990218
1 332 5.137669 13.073818
1 333 2.199775 12.226268
1 334 0.123786 12.617542
1 335 0.780004 11.756600
1 336 5.423964 13.137936
1 337 3.199509 13.056179
1 338 3.592558 13.008822
1 339 5.884379 12.368480
1 340 0.233124 12.270420
1 341 3.699474 12.882676
1 342 6.210056 12.634506
1 343 5.339693 12.804457
1 344 4.731652 12.673718
1 345 2.054037 13.010414
1 346 2.088839 11.148355
1 347 5.819869 13.217848
1 348 3.511773 13.024249
1 349 3.369720 12.823259
1 350 6.082759 12.147329
1 351 4.070453 11.877431
1 352 4.954890 11.002670
1 353 6.232359 13.014036
1 354 4.109924 12.669017
1 355 5.625834 9.931094
1 356 1.065485 11.758698
1 357 0.433564 12.400126
1 358 4.846459 13.012718
1 359 3.241476 10.088392
1 360 0.492171 12.298613
1 361 2.104293 10.914744
1 362 5.344320 12.566400
1 363 3.524333 12.849237
1 364 3.377435 12.569133
1 365 6.208466 13.099747
1 366 4.760592 12.346990
1 367 2.117361 11.964547
1 368 4.982510 12.239788
1 369 5.696560 12.729051
1 370 1.616902 12.486860
1 371 0.869112 11.203141
1 372 1.798147 12.531694
1 373 3.674744 12.937165
1 374 0.792748 13.153542
1 375 3.656346 13.094852
1 376 5.928548 12.941613
1 377 3.865929 10.118948
1 378 1.118430 11.251942
1 379 1.279405 12.985316
1 380 1.717944 11.656147
1 381 1.389688 12.961519
1 382 5.200419 13.188115
1 383 3.627647 12.206574
1 384 5.573584 12.015931
1 385 0.425807 12.400551
1 386 1.797044 13.032653
1 387 3.589688 12.939110
1 388 2.597595 12.166243
1 389 3.956611 13.015340
1 390 1.614282 12.258049
1 391 4.675261 12.930345
1 392 0.807225 12.947918
1 393 6.249327 12.670962
1 394 3.365080 12.770131
1 395 0.138334 12.951421
1 396 2.450231 11.158320
1 397 5.278374 12.879288
1 398 5.035071 12.920797
1 399 5.267209 12.552198
1 400 5.663857 11.769972
1 401 5.232771 10.271067
1 402 0.704750 12.968140
1 403 4.772907 12.580413
1 404 3.520520 12.295506
1 405 0.409501 12.611065
1 406 3.776105 11.103193
1 407 0.111261 11.156508
1 408 1.059581 11.593428
1 409 0.225800 13.212101
1 410 1.322948 11.704978
1 411 3.224499 13.152970
1 412 1.892156 12.080606
1 413 5.140644 12.682805
1 414 4.842522 13.092414
1 415 4.969512 11.892027
1 416 3.534498 11.833627
1 417 5.400909 12.005740
1 418 0.175185 11.823847
1 419 1.258407 12.020702
1 420 0.053778 12.118605
1 421 2.547323 12.841964
1 422 0.469484 12.052043
1 423 2.130027 12.539930
1 424 2.735986 12.879014
1 425 5.953725 12.640208
1 426 2.719961 11.929524
1 427 1.548929 12.455603
1 428 5.114725 11.572078
1 429 5.256159 13.144014
1 430 4.531055 12.129017
1 431 1.614070 11.993311
1 432 1.578398 12.810573
1 433 6.021615 13.072810
1 434 4.622425 12.818542
1 435 5.449289 13.011659
1 436 2.664744 11.523197
1 437 2.222900 12.829575
1 438 4.372011 12.364088
1 439 4.663294 11.752316
1 440 0.425569 13.051688
1 441 4.883747 11.764620
1 442 0.945687 12.359594
1 443 1.474463 13.197496
1 444 0.555877 9.053246
1 445 3.451290 13.135253
1 446 4.389923 11.154242
1 447 0.586114 11.176583
1 448 5.797154 9.485733
1 449 1.438719 13.161302
1 450 1.321380 11.885218
1 451 2.529410 13.101078
1 452 2.318250 11.969787
1 453 0.837168 11.462549
1 454 2.822052 13.143868
1 455 1.231887 10.624030
1 456 3.551110 12.318246
1 457 0.109966 8.697166
1 458 6.265124 11.655494
1 459 4.274024 12.864372
1 460 2.031865 13.115742
1 461 5.624749 12.901666
1 462 0.224303 13.199713
1 463 6.106924 7.646978
1 464 0.252221 9.254690
1 465 3.874665 12.947218
1 466 1.867280 12.867249
1 467 5.559726 13.203311
1 468 4.873200 11.856275
1 469 4.592605 13.204767
1 470 5.614170 12.909404
1 471 4.659688 9.956032
1 472 5.656941 12.460370
1 473 1.095706 11.448306
1 474 0.070897 10.380771
1 475 6.176696 10.817098
1 476 0.528673 12.718265
1 477 2.241366 10.595279
1 478 5.445937 13.068031
1 479 0.491248 12.729475
1 480 3.327561 10.260129
1 481 0.988574 11.743879
1 482 4.486802 11.036071
1 483 3.097185 13.173708
1 484 0.378823 12.386673
1 485 4.488883 12.910805
1 486 0.947912 9.383737
1 487 2.591902 12.466496
1 488 1.351854 13.161906
1 489 5.960547 12.122511
1 490 2.774152 12.906659
1 491 3.525514 9.872746
1 492 5.089133 12.295304
1 493 4.055801 10.103927
1 494 1.548799 11.816095
1 495 3.666857 11.619827
1 496 2.629776 11.356918
1 497 3.788016 11.539251
1 498 4.920545 13.049721
1 499 3.910209 13.101696
2 0 5.299368 12.746102
2 1 2.115907 11.232961
2 2 2.956533 11.260024
2 3 1.317892 12.305590
2 4 0.049961 11.236562
2 5 2.955563 12.893744
2 6 1.496467 12.584692
2 7 4.998227 11.423586
2 8 1.332383 11.665860
2 9 2.571908 10.482472
2 10 6.030721 13.049176
2 11 2.967939 11.563236
2 12 3.465547 12.927715
2 13 2.128727 11.786798
2 14 6.260730 12.514793
2 15 1.925963 10.938066
2 16 4.739365 11.939078
2 17 4.002903 12.909238
2 18 2.739977 10.882331
2 19 4.690913 12.493789
2 20 4.043109 12.921858
2 21 4.262650 10.559951
2 22 3.889726 12.424732
2 23 4.055682 11.004354
2 24 1.176428 13.157129
2 25 4.523191 13.028773
2 26 1.180176 12.960717
2 27 5.547859 11.546684
2 28 2.548129 12.914185
2 29 2.661477 12.584946
2 30 4.124144 11.590402
2 31 1.519400 12.566632
2 32 2.346125 10.588653
2 33 3.993036 11.155110
2 34 4.559912 12.625823
2 35 1.592854 12.651611
2 36 3.764055 9.868530
2 37 1.576226 12.920001
2 38 2.550009 10.394226
2 39 0.309519 12.103670
2 40 5.976312 11.395114
2 41 4.650400 13.040534
2 42 6.040654 12.007865
2 43 5.519025 12.656094
2 44 5.308475 12.778234
2 45 4.831271 12.358038
2 46 0.201573 13.214097
2 47 5.729758 12.577597
2 48 5.589789 12.236578
2 49 1.350614 12.033237
2 50 5.840373 12.437607
2 51 6.186352 12.287556
2 52 2.515786 12.892007
2 53 4.691837 11.176136
2 54 0.828114 11.240609
2 55 2.509046 13.119343
2 56 3.550881 13.039850
2 57 1.394543 12.292985
2 58 4.791335 13.095438
2 59 5.613947 12.058780
2 60 2.527701 11.870199
2 61 0.682873 12.515310
2 62 4.229519 13.201574
2 63 5.276971 12.193414
2 64 3.569053 13.157130
2 65 1.119455 12.367255
2 66 3.287868 13.005547
2 67 0.164298 10.011567
2 68 2.502013 11.374761
2 69 4.586264 12.283801
2 70 3.574306 13.054590
2 71 3.851369 13.047745
2 72 1.688386 10.975994
2 73 4.150351 13.187872
2 74 5.876295 12.218198
2 75 4.013159 12.712856
2 76 1.359961 11.507677
2 77 4.850084 10.473113
2 78 4.825477 12.044896
2 79 2.842419 12.715696
2 80 4.188271 11.982915
2 81 5.237586 12.964404
2 82 4.984495 10.772305
2 83 0.713422 12.961855
2 84 3.974834 10.909452
2 85 4.533450 12.946347
2 86 6.111811 12.718602
2 87 2.107957 12.882179
2 88 1.064360 6.312999
2 89 1.713547 13.089434
2 90 3.456236 10.197593
2 91 2.778281 11.409263
2 92 4.139553 12.926451
2 93 4.122493 12.531882
2 94 5.189050 13.084033
2 95 4.793189 12.379903
2 96 4.643600 12.093285
2 97 4.287089 12.277528
2 98 2.866288 11.241433
2 99 4.548232 13.111357
2 100 4.017012 12.490722
2 101 1.823892 12.043990
2 102 4.900131 11.998979
2 103 5.362648 9.500845
2 104 3.906971 13.058950
2 105 0.338776 12.991833
2 106 0.236530 12.370886
2 107 5.896219 11.737231
2 108 4.462236 12.099218
2 109 0.774741 12.267623
2 110 4.417254 10.511355
2 111 0.179051 12.498172
2 112 3.032334 11.676764
2 113 6.122578 9.735691
2 114 3.183465 11.729642
2 115 0.173373 13.030328
2 116 0.902937 12.749418
2 117 4.762928 10.013093
2 118 5.929113 12.045654
2 119 5.484374 12.185757
2 120 4.635401 9.959685
2 121 4.632921 11.360848
2 122 2.657021 11.819738
2 123 2.964828 13.049107
2 124 1.698297 12.097233
2 125 4.204172 8.697788
2 126 3.024314 11.732542
2 127 2.610034 9.074194
2 128 2.566177 12.610056
2 129 5.672084 10.144979
2 130 0.553866 9.897551
2 131 0.383749 12.897871
2 132 1.559537 11.090200
2 133 0.976686 12.961327
2 134 2.705883 13.191698
2 135 4.758365 12.997089
2 136 6.001024 12.374417
2 137 5.930029 12.634135
2 138 1.070871 12.556004
2 139 3.210932 12.501199
2 140 0.068055 12.979303
2 141 2.601533 12.380595
2 142 5.515142 11.016711
2 143 2.865831 12.806187
2 144 1.377808 12.671978
2 145 1.264592 12.768403
2 146 1.817002 12.847253
2 147 3.388477 12.263999
2 148 0.511833 11.744367
2 149 4.582006 12.330500
2 150 4.543038 12.394303
2 151 4.275814 11.810549
2 152 6.165286 12.003856
2 153 0.352552 13.021988
2 154 0.251144 12.180902
2 155 3.722140 13.162423
2 156 4.695403 13.219515
2 157 3.411568 12.001363
2 158 5.252055 4.489926
2 159 5.725494 13.156651
2 160 2.248944 13.078403
2 161 2.278353 11.925578
2 162 2.355241 10.325335
2 163 1.159301 12.465878
2 164 3.748808 10.164359
2 165 6.084789 12.746090
2 166 2.515306 11.919093
2 167 6.269538 12.626903
2 168 1.716891 13.158286
2 169 3.350379 12.757914
2 170 3.902388 13.059786
2 171 2.287235 12.653260
2 172 0.829821 10.258750
2 173 6.241966 8.926609
2 174 5.693016 10.289446
2 175 0.145369 12.844435
2 176 0.107989 12.618410
2 177 5.724721 12.605548
2 178 1.807366 13.101955
2 179 5.330304 10.531733
2 180 0.058957 11.106340
2 181 1.281649 12.568676
2 182 2.926140 12.945837
2 183 4.971671 11.548737
2 184 1.606906 12.737227
2 185 0.327881 10.609845
2 186 2.828197 12.554831
2 187 1.540714 12.136680
2 188 2.030733 12.886765
2 189 3.456709 12.902069
2 190 0.900583 12.163037
2 191 3.099339 13.008881
2 192 6.025799 12.579878
2 193 3.471803 12.873503
2 194 3.141711 12.587190
2 195 0.822968 12.337432
2 196 1.367643 12.717710
2 197 5.774932 11.790042
2 198 3.372619 11.678635
2 199 2.653629 11.261720
2 200 0.219097 12.423287
2 201 4.205633 12.398130
2 202 5.596626 10.152677
2 203 0.422127 12.926706
2 204 0.962656 12.026848
2 205 2.784739 12.787909
2 206 1.197729 9.782094
2 207 2.871812 13.024947
2 208 2.141767 13.215515
2 209 2.490322 10.929883
2 210 2.579351 12.290908
2 211 2.200961 11.990902
2 212 5.417908 12.835229
2 213 1.957592 12.591029
2 214 6.156126 11.572748
2 215 1.203680 13.209150
2 216 1.309546 10.761723
2 217 3.139331 13.097073
2 218 4.872474 12.181833
2 219 1.967162 9.926701
2 220 1.157109 11.462883
2 221 1.415184 12.640523
2 222 4.352793 11.794299
2 223 3.295180 13.184820
2 224 4.347425 10.058011
2 225 5.494853 13.092515
2 226 2.815607 12.909259
2 227 4.590584 12.763033
2 228 3.105337 13.173733
2 229 4.457670 12.424510
2 230 4.876212 10.336399
2 231 3.070315 8.019437
2 232 4.787478 7.667842
2 233 0.525560 12.263901
2 234 3.487918 12.595860
2 235 2.928712 11.547215
2 236 0.961438 11.758151
2 237 0.716679 10.890827
2 238 2.347706 11.955704
2 239 5.525606 13.142831
2 240 3.514175 11.474766
2 241 1.055537 13.218291
2 242 6.149904 10.366643
2 243 1.996925 12.426861
2 244 5.911112 13.193021
2 245 5.950333 11.650347
2 246 5.832760 12.512427
2 247 4.406711 11.762555
2 248 2.663923 11.306226
2 249 1.430634 8.392838
2 250 1.141808 11.748153
2 251 4.513682 12.718120
2 252 2.420056 10.994595
2 253 1.134292 11.449868
2 254 2.959034 13.150310
2 255 5.179708 13.189208
2 256 5.113987 7.132996
2 257 0.236620 11.260587
2 258 5.598181 12.678534
2 259 1.669575 10.999635
2 260 2.404955 12.928590
2 261 3.447061 12.761821
2 262 4.074186 12.868049
2 263 0.008396 13.133648
2 264 0.219673 12.902465
2 265 0.323578 12.922318
2 266 5.798375 11.391186
2 267 3.464727 12.767377
2 268 3.784436 11.581838
2 269 0.419823 13.132498
2 270 4.975731 10.454871
2 271 0.650308 12.063884
2 272 5.551591 13.037381
2 273 2.504053 11.365573
2 274 3.120473 11.863347
2 275 3.809509 10.583509
2 276 5.510351 13.017192
2 277 1.196772 12.295922
2 278 2.543971 12.961400
2 279 3.756275 12.503163
2 280 2.644199 11.917713
2 281 4.125124 12.701217
2 282 2.633928 12.936163
2 283 4.094635 13.200409
2 284 5.905685 11.643075
2 285 0.595463 11.582422
2 286 3.830803 12.951365
2 287 2.121579 12.377913
2 288 2.132700 11.561928
2 289 1.682610 10.967212
2 290 2.516074 10.637282
2 291 4.495416 12.821393
2 292 0.182318 10.272818
2 293 5.044592 12.516360
2 294 0.614172 12.587601
2 295 5.489932 12.313812
2 296 0.314349 12.283062
2 297 5.417760 12.435806
2 298 4.638538 12.325805
2 299 3.083456 11.810450
2 300 1.460481 12.126688
2 301 2.576084 10.920084
2 302 4.924690 11.506392
2 303 2.107308 13.063224
2 304 3.040109 12.072242
2 305 6.027378 10.531717
2 306 2.998852 11.823626
2 307 1.016238 12.345314
2 308 3.648612 9.050903
2 309 5.907459 11.809369
2 310 2.295326 11.125414
2 311 1.237970 12.556684
2 312 2.162891 13.151192
2 313 5.557952 13.119993
2 314 3.601753 12.639445
2 315 4.779281 11.179786
2 316 6.037142 12.993716
2 317 4.070334 11.521295
2 318 5.769842 8.119453
2 319 5.452851 12.584582
2 320 3.684375 11.033539
2 321 1.799763 13.145363
2 322 3.153467 12.484428
2 323 3.581212 13.119852
2 324 2.593645 12.335477
2 325 4.781679 11.345663
2 326 2.036506 9.263297
2 327 1.215460 11.847984
2 328 0.109007 13.126053
2 329 4.717640 12.111311
2 330 2.848450 12.332122
2 331 2.489810 12.559155
2 332 4.285915 13.171245
2 333 0.997867 12.080908
2 334 0.171416 13.193814
2 335 0.016151 12.038772
2 336 5.364577 12.801221
2 337 4.255833 12.678129
2 338 4.631915 12.872477
2 339 2.753754 13.024471
2 340 4.759346 12.949757
2 341 5.831346 13.121202
2 342 0.988710 13.065623
2 343 4.712063 12.987574
2 344 1.253848 12.359200
2 345 4.808478 11.904914
2 346 0.077069 13.007333
2 347 0.421519 11.745787
2 348 1.292061 12.907524
2 349 1.852370 12.896141
2 350 1.586920 12.786414
2 351 5.319268 13.087023
2 352 3.684435 12.299872
2 353 2.903171 12.738904
2 354 4.845776 10.345263
2 355 2.975541 12.287263
2 356 0.625987 12.585601
2 357 3.834603 12.856294
2 358 3.287323 12.669260
2 359 2.712414 11.624052
2 360 5.409999 12.953365
2 361 2.360284 10.645238
2 362 2.252809 12.496696
2 363 3.566866 12.189428
2 364 4.201190 10.747448
2 365 5.008346 10.051442
2 366 1.004572 11.937651
2 367 0.173237 11.513197
2 368 1.053158 12.386832
2 369 0.438987 9.734675
2 370 2.450148 12.247555
2 371 2.937686 12.386939
2 372 5.938229 13.126296
2 373 4.690832 12.438019
2 374 2.752585 12.982177
2 375 1.200352 12.783330
2 376 2.357767 12.182210
2 377 1.083282 11.573231
2 378 0.059254 11.543301
2 379 1.872259 11.810816
2 380 3.786199 13.102707
2 381 3.765370 11.430744
2 382 4.641848 11.995381
2 383 3.196592 10.266845
2 384 0.731830 12.147319
2 385 5.310755 12.344989
2 386 0.766922 12.758719
2 387 6.258113 13.140696
2 388 2.454359 11.531294
2 389 3.364332 11.022092
2 390 5.785820 11.607065
2 391 0.803159 12.788711
2 392 1.842135 12.781330
2 393 0.187792 12.777073
2 394 0.253404 12.730971
2 395 6.161834 11.940342
2 396 2.657471 12.143328
2 397 2.547188 13.007088
2 398 1.299440 10.158638
2 399 0.427954 12.739461
2 400 3.096175 10.170336
2 401 5.213249 12.035005
2 402 1.420779 11.043703
2 403 4.285062 12.028769
2 404 3.570751 12.921117
2 405 2.798898 12.388010
2 406 5.930893 12.163047
2 407 4.933787 12.889284
2 408 5.488497 11.117505
2 409 3.391232 10.162986
2 410 0.898444 12.309046
2 411 3.498319 12.184376
2 412 0.630714 9.134204
2 413 4.572048 12.768840
2 414 5.506102 11.241929
2 415 3.961425 12.651846
2 416 4.455525 12.456912
2 417 6.182188 9.806206
2 418 1.796479 11.857147
2 419 3.468258 10.820515
2 420 5.550274 5.763612
2 421 2.157430 11.032459
2 422 3.586027 13.055525
2 423 0.404639 12.493288
2 424 5.929610 12.069254
2 425 2.250054 13.114207
2 426 0.782567 10.147950
2 427 4.100784 12.909092
2 428 5.510695 12.629397
2 429 3.343436 11.477724
2 430 1.106464 13.005772
2 431 0.769518 10.521694
2 432 3.913164 13.086977
2 433 5.155108 10.235343
2 434 4.852586 12.645178
2 435 4.793688 11.894915
2 436 2.324151 13.087107
2 437 3.034471 9.697553
2 438 1.475964 12.236797
2 439 2.418331 12.981613
2 440 0.951795 11.529263
2 441 1.667258 12.823835
2 442 4.133573 10.101112
2 443 3.147643 12.270629
2 444 1.874503 13.185537
2 445 1.811509 12.423492
2 446 1.229569 12.566394
2 447 2.259771 11.094530
2 448 3.249547 12.979357
2 449 4.569192 12.800372
2 450 3.471875 12.385550
2 451 5.938622 10.031294
2 452 3.747628 12.529081
2 453 5.423019 11.002605
2 454 6.129016 12.871339
2 455 0.062796 13.057898
2 456 6.226550 12.825018
2 457 2.531988 11.919365
2 458 1.214910 10.299100
2 459 1.154836 12.381753
2 460 5.887525 12.429015
2 461 6.070380 13.049603
2 462 5.547372 12.734838
2 463 5.976643 12.588911
2 464 3.178660 11.809453
2 465 4.332681 13.152290
2 466 1.059159 11.968703
2 467 6.163376 11.417256
2 468 0.394839 10.904965
2 469 3.747194 13.178775
2 470 0.578188 12.062138
2 471 1.038296 13.119275
2 472 5.540043 12.177773
2 473 4.598492 13.130030
2 474 2.966730 10.136316
2 475 3.561181 12.569752
2 476 2.436487 12.276052
2 477 3.404979 12.833058
2 478 5.395343 12.378216
2 479 4.214407 12.660730
2 480 1.077901 12.669129
2 481 2.658168 12.707967
2 482 6.252019 12.580719
2 483 0.660662 13.153067
2 484 1.558382 11.716229
2 485 0.604342 12.708115
2 486 1.934661 12.848790
2 487 2.658124 12.964756
2 488 5.212922 13.017182
2 489 1.663287 12.778476
2 490 0.443572 11.001571
2 491 4.467537 12.461117
2 492 2.289660 12.863067
2 493 4.580732 12.912031
2 494 4.687767 12.589501
2 495 3.692635 10.106858
2 496 4.775856 13.214071
2 497 1.619543 11.468756
2 498 2.605975 12.664048
2 499 5.108362 11.868828
