1 0 61
1 0 296
1 1 63
1 1 274
1 1 299
1 1 352
1 1 368
1 2 347
1 3 71
1 4 269
1 4 361
1 5 61
1 5 309
1 6 314
1 6 318
1 7 407
1 7 457
1 8 397
1 9 38
1 9 54
1 9 75
1 9 91
1 9 95
1 9 126
1 9 187
1 9 193
1 9 212
1 9 213
1 9 216
1 9 263
1 9 327
1 9 331
1 9 351
1 9 354
1 9 416
1 9 439
1 9 468
1 9 493
1 11 61
1 11 98
1 11 196
1 11 296
1 11 309
1 11 383
1 11 445
1 11 480
1 13 178
1 13 328
1 14 303
1 14 314
1 14 406
1 15 391
1 15 439
1 15 471
1 16 186
1 16 417
1 17 78
1 18 44
1 18 51
1 18 210
1 18 276
1 18 281
1 18 360
1 18 464
1 18 479
1 19 63
1 19 91
1 19 100
1 19 223
1 19 254
1 22 468
1 23 62
1 23 75
1 23 142
1 23 213
1 23 413
1 24 81
1 24 213
1 24 469
1 25 71
1 25 493
1 26 52
1 26 230
1 26 273
1 27 260
1 28 79
1 28 109
1 28 480
1 29 37
1 29 171
1 29 178
1 29 190
1 29 311
1 30 37
1 30 64
1 30 72
1 30 74
1 30 123
1 30 145
1 30 166
1 30 168
1 30 209
1 30 281
1 30 295
1 30 410
1 30 427
1 30 432
1 30 452
1 30 494
1 31 444
1 32 112
1 32 193
1 32 235
1 33 43
1 33 177
1 33 278
1 33 384
1 34 151
1 34 210
1 34 217
1 34 334
1 35 58
1 35 156
1 35 419
1 35 455
1 36 44
1 36 65
1 36 151
1 36 154
1 36 189
1 36 203
1 36 210
1 36 268
1 36 286
1 36 294
1 36 315
1 36 320
1 36 330
1 36 464
1 37 86
1 37 190
1 37 237
1 37 426
1 38 212
1 38 457
1 39 250
1 39 311
1 39 490
1 40 181
1 40 255
1 40 296
1 40 383
1 41 335
1 42 85
1 42 386
1 43 91
1 43 151
1 43 177
1 43 218
1 43 384
1 43 400
1 43 463
1 43 470
1 44 210
1 46 71
1 47 93
1 47 204
1 47 487
1 48 92
1 48 128
1 49 115
1 49 203
1 50 257
1 50 330
1 50 342
1 51 114
1 51 281
1 52 444
1 53 76
1 53 425
1 54 158
1 54 187
1 54 215
1 55 206
1 55 292
1 56 178
1 56 264
1 58 143
1 58 222
1 59 269
1 59 296
1 59 319
1 59 326
1 59 346
1 59 361
1 59 423
1 60 92
1 60 244
1 60 453
1 61 71
1 61 98
1 61 196
1 61 296
1 61 309
1 61 348
1 61 359
1 61 445
1 61 480
1 61 491
1 62 133
1 62 235
1 62 471
1 63 91
1 63 99
1 63 100
1 63 116
1 63 119
1 63 138
1 63 223
1 63 254
1 63 275
1 63 299
1 63 398
1 63 401
1 63 428
1 63 492
1 64 72
1 64 267
1 64 370
1 64 431
1 65 475
1 66 324
1 68 182
1 69 275
1 69 278
1 69 299
1 69 382
1 70 71
1 70 170
1 71 82
1 71 87
1 71 96
1 71 98
1 71 148
1 71 170
1 71 194
1 71 200
1 71 232
1 71 245
1 71 250
1 71 265
1 71 279
1 71 284
1 71 299
1 71 309
1 71 436
1 71 444
1 71 491
1 71 495
1 72 96
1 72 135
1 72 281
1 72 330
1 72 380
1 73 364
1 75 193
1 75 211
1 75 246
1 75 327
1 75 446
1 76 163
1 76 191
1 76 280
1 76 315
1 77 393
1 78 410
1 79 171
1 79 237
1 79 311
1 79 346
1 80 341
1 81 263
1 84 473
1 85 155
1 85 372
1 86 264
1 86 436
1 86 496
1 87 174
1 87 200
1 88 455
1 89 159
1 89 167
1 89 257
1 89 292
1 90 106
1 90 157
1 90 233
1 90 288
1 90 463
1 91 95
1 91 99
1 91 100
1 91 254
1 91 299
1 92 128
1 92 281
1 93 178
1 93 266
1 93 272
1 93 396
1 95 116
1 95 173
1 95 229
1 95 270
1 95 299
1 95 332
1 95 398
1 96 135
1 96 380
1 97 227
1 98 196
1 98 249
1 98 445
1 99 116
1 99 223
1 99 254
1 99 428
1 99 492
1 100 254
1 100 274
1 103 132
1 103 157
1 103 339
1 104 188
1 104 472
1 105 337
1 106 111
1 106 121
1 106 157
1 106 463
1 107 495
1 108 252
1 110 317
1 111 425
1 111 475
1 112 298
1 113 290
1 113 355
1 113 369
1 113 400
1 113 472
1 114 330
1 115 160
1 115 203
1 115 463
1 115 475
1 116 167
1 116 223
1 116 254
1 116 401
1 116 428
1 116 492
1 117 300
1 117 402
1 118 156
1 118 419
1 120 175
1 120 371
1 121 324
1 123 210
1 123 371
1 123 463
1 124 303
1 125 270
1 126 211
1 126 327
1 129 253
1 129 465
1 131 210
1 131 281
1 131 316
1 131 330
1 131 405
1 132 161
1 132 324
1 132 463
1 132 489
1 134 381
1 136 344
1 137 148
1 137 250
1 138 229
1 138 283
1 138 415
1 139 277
1 139 294
1 139 330
1 140 290
1 140 444
1 141 299
1 142 247
1 142 448
1 142 461
1 143 221
1 143 455
1 144 151
1 144 217
1 144 418
1 145 156
1 145 180
1 145 410
1 145 419
1 145 450
1 145 488
1 148 250
1 148 266
1 148 311
1 149 303
1 149 314
1 149 406
1 150 349
1 150 444
1 151 217
1 151 320
1 151 395
1 151 463
1 152 224
1 152 281
1 152 330
1 152 444
1 153 493
1 154 294
1 154 320
1 154 330
1 154 422
1 154 447
1 154 463
1 154 464
1 155 390
1 157 339
1 158 187
1 159 257
1 160 183
1 160 324
1 161 350
1 161 463
1 162 216
1 162 263
1 162 493
1 163 191
1 163 343
1 164 166
1 165 198
1 165 259
1 166 297
1 166 346
1 166 367
1 166 494
1 167 210
1 167 231
1 167 257
1 167 287
1 167 481
1 167 486
1 169 258
1 169 291
1 169 322
1 169 325
1 169 412
1 171 250
1 171 270
1 173 229
1 173 254
1 175 180
1 175 281
1 175 287
1 175 371
1 175 444
1 175 453
1 175 463
1 175 486
1 176 346
1 177 299
1 178 264
1 178 266
1 178 269
1 178 272
1 178 306
1 178 345
1 178 396
1 178 451
1 178 477
1 178 487
1 179 286
1 179 464
1 180 410
1 180 450
1 180 488
1 181 303
1 181 341
1 181 373
1 182 416
1 182 480
1 183 278
1 183 324
1 183 350
1 183 463
1 184 203
1 184 249
1 184 480
1 185 251
1 185 290
1 185 447
1 188 400
1 189 210
1 189 281
1 189 463
1 189 484
1 190 270
1 191 315
1 191 336
1 192 329
1 192 345
1 193 327
1 194 445
1 195 204
1 195 296
1 195 436
1 195 496
1 196 259
1 196 296
1 196 309
1 196 328
1 197 250
1 198 259
1 198 471
1 200 265
1 200 303
1 200 483
1 201 380
1 203 217
1 203 229
1 203 271
1 203 457
1 203 463
1 203 474
1 203 475
1 205 278
1 206 419
1 207 406
1 208 379
1 210 271
1 210 281
1 210 316
1 210 330
1 210 357
1 210 444
1 210 463
1 210 484
1 211 215
1 213 226
1 213 301
1 213 430
1 213 465
1 213 471
1 213 482
1 213 485
1 216 263
1 216 351
1 216 493
1 217 249
1 217 286
1 217 330
1 217 385
1 217 395
1 217 418
1 217 457
1 217 463
1 217 464
1 220 281
1 220 425
1 220 457
1 220 464
1 222 408
1 223 254
1 223 275
1 223 299
1 223 305
1 223 492
1 224 281
1 224 444
1 225 377
1 225 465
1 226 482
1 227 344
1 230 444
1 231 335
1 232 237
1 232 256
1 234 486
1 235 249
1 236 407
1 236 457
1 238 493
1 240 291
1 240 346
1 242 260
1 243 496
1 244 371
1 245 308
1 247 355
1 247 463
1 249 349
1 249 359
1 250 279
1 250 307
1 250 311
1 250 424
1 250 426
1 250 490
1 251 444
1 251 447
1 253 303
1 253 493
1 254 299
1 254 398
1 254 492
1 256 463
1 257 481
1 257 486
1 258 312
1 258 486
1 260 301
1 261 359
1 262 305
1 262 401
1 264 272
1 265 279
1 266 272
1 266 451
1 267 291
1 268 312
1 268 392
1 268 486
1 269 326
1 269 346
1 269 367
1 269 399
1 269 423
1 269 477
1 270 291
1 270 307
1 270 311
1 270 424
1 270 426
1 271 300
1 271 330
1 271 357
1 271 360
1 271 385
1 271 405
1 271 440
1 271 444
1 271 464
1 273 281
1 274 352
1 274 368
1 274 415
1 275 299
1 275 305
1 275 382
1 276 281
1 276 360
1 277 316
1 277 330
1 278 299
1 279 303
1 280 317
1 281 290
1 281 293
1 281 300
1 281 310
1 281 330
1 281 357
1 281 360
1 281 402
1 281 422
1 281 444
1 281 447
1 281 453
1 281 455
1 281 476
1 281 479
1 282 318
1 282 383
1 284 460
1 286 463
1 286 464
1 288 463
1 289 463
1 289 475
1 291 322
1 291 386
1 292 481
1 294 320
1 294 330
1 296 303
1 296 377
1 296 404
1 296 416
1 296 445
1 298 404
1 299 324
1 299 343
1 299 352
1 299 382
1 299 393
1 299 397
1 299 398
1 299 401
1 299 413
1 299 414
1 299 428
1 299 474
1 302 378
1 302 455
1 303 314
1 303 387
1 303 406
1 303 497
1 304 356
1 305 401
1 305 476
1 306 396
1 307 490
1 309 491
1 310 360
1 310 464
1 311 490
1 312 371
1 312 453
1 314 497
1 315 336
1 316 330
1 319 423
1 320 330
1 320 340
1 320 464
1 320 484
1 322 466
1 323 342
1 323 475
1 324 374
1 324 447
1 324 463
1 324 474
1 327 438
1 327 446
1 328 452
1 330 357
1 330 378
1 330 405
1 330 428
1 330 444
1 330 457
1 330 464
1 330 484
1 331 493
1 332 413
1 334 407
1 335 371
1 335 486
1 336 401
1 338 387
1 340 395
1 340 464
1 340 474
1 342 365
1 345 423
1 346 361
1 347 448
1 348 491
1 349 364
1 350 463
1 351 493
1 352 415
1 353 457
1 355 369
1 355 400
1 355 461
1 355 463
1 356 408
1 357 405
1 359 411
1 360 479
1 361 367
1 363 491
1 364 394
1 367 457
1 368 415
1 370 431
1 371 486
1 372 386
1 373 495
1 375 495
1 377 463
1 377 465
1 378 390
1 384 472
1 385 405
1 385 440
1 385 444
1 388 436
1 390 431
1 390 432
1 391 471
1 393 475
1 395 457
1 400 472
1 401 428
1 401 429
1 404 416
1 404 491
1 406 497
1 407 457
1 407 474
1 408 486
1 409 462
1 410 450
1 416 456
1 416 491
1 420 457
1 425 463
1 425 489
1 427 463
1 427 494
1 430 485
1 431 432
1 433 489
1 437 477
1 439 471
1 439 482
1 441 468
1 442 486
1 444 447
1 444 450
1 444 464
1 444 476
1 447 464
1 448 489
1 453 486
1 457 458
1 457 463
1 457 474
1 457 494
1 458 474
1 458 475
1 463 464
1 463 475
1 463 479
1 481 486
1 482 485
2 0 63
2 0 158
2 0 179
2 1 13
2 1 208
2 1 287
2 1 303
2 1 326
2 2 5
2 2 11
2 2 88
2 2 123
2 2 254
2 2 355
2 2 371
2 2 437
2 2 474
2 3 216
2 3 249
2 3 398
2 4 158
2 4 180
2 4 203
2 4 335
2 4 346
2 4 378
2 5 123
2 5 474
2 7 158
2 7 232
2 7 256
2 7 270
2 7 365
2 8 88
2 8 398
2 9 38
2 9 127
2 9 128
2 9 209
2 9 210
2 9 273
2 9 290
2 9 301
2 9 457
2 9 487
2 10 192
2 10 305
2 10 316
2 11 123
2 11 205
2 11 231
2 11 235
2 11 254
2 11 355
2 11 474
2 12 90
2 12 267
2 12 332
2 12 450
2 13 32
2 13 188
2 13 288
2 14 113
2 14 152
2 14 387
2 15 379
2 15 486
2 16 117
2 16 354
2 16 420
2 16 434
2 17 33
2 18 112
2 18 134
2 18 374
2 19 53
2 19 117
2 19 120
2 19 232
2 19 373
2 19 494
2 20 33
2 20 100
2 21 151
2 21 232
2 21 337
2 21 365
2 21 403
2 21 420
2 22 84
2 23 125
2 23 283
2 23 317
2 24 220
2 25 251
2 26 76
2 26 88
2 26 206
2 26 277
2 27 142
2 27 202
2 27 420
2 27 462
2 27 472
2 28 38
2 28 219
2 28 278
2 28 397
2 28 447
2 29 122
2 29 127
2 29 199
2 29 248
2 29 448
2 29 481
2 30 92
2 30 93
2 30 125
2 30 281
2 30 442
2 32 161
2 32 162
2 32 231
2 32 238
2 32 361
2 32 377
2 32 436
2 33 308
2 33 317
2 33 474
2 34 158
2 35 132
2 35 484
2 36 88
2 36 164
2 36 231
2 36 268
2 36 279
2 36 320
2 36 381
2 36 452
2 36 469
2 36 495
2 37 497
2 38 60
2 38 127
2 38 128
2 38 199
2 38 209
2 38 231
2 38 273
2 38 278
2 38 290
2 38 301
2 38 397
2 38 457
2 39 88
2 39 185
2 39 296
2 40 88
2 40 192
2 40 305
2 40 309
2 40 420
2 40 463
2 41 96
2 41 338
2 41 382
2 42 158
2 42 256
2 42 305
2 42 316
2 42 420
2 43 142
2 43 158
2 43 239
2 43 420
2 43 428
2 43 472
2 44 158
2 44 179
2 44 385
2 45 77
2 45 117
2 45 158
2 45 232
2 45 354
2 45 420
2 46 67
2 46 292
2 46 412
2 47 158
2 47 177
2 47 420
2 48 202
2 48 256
2 48 420
2 48 428
2 48 435
2 49 76
2 49 88
2 49 144
2 49 348
2 49 402
2 50 174
2 50 246
2 50 318
2 51 152
2 51 242
2 51 417
2 52 55
2 52 166
2 52 209
2 52 290
2 53 58
2 53 156
2 53 158
2 53 231
2 53 298
2 53 373
2 53 494
2 54 172
2 54 195
2 55 273
2 55 290
2 57 216
2 57 249
2 57 402
2 58 95
2 58 232
2 58 256
2 58 315
2 58 435
2 59 158
2 59 174
2 59 202
2 60 457
2 61 412
2 62 125
2 63 158
2 63 420
2 64 70
2 64 404
2 65 220
2 65 250
2 65 253
2 66 223
2 66 358
2 67 111
2 67 115
2 67 158
2 67 160
2 67 292
2 67 367
2 67 420
2 68 209
2 68 273
2 68 290
2 68 457
2 69 103
2 69 227
2 69 413
2 69 493
2 70 308
2 70 323
2 70 404
2 72 124
2 72 259
2 72 289
2 72 497
2 73 92
2 73 125
2 74 460
2 75 100
2 75 158
2 76 144
2 76 196
2 76 438
2 77 78
2 77 95
2 77 158
2 77 218
2 77 230
2 77 232
2 77 256
2 77 354
2 77 434
2 78 88
2 78 158
2 78 232
2 78 270
2 79 231
2 80 125
2 80 364
2 80 479
2 81 158
2 81 420
2 82 158
2 82 173
2 82 183
2 82 270
2 82 433
2 82 496
2 83 237
2 84 125
2 84 151
2 84 232
2 84 381
2 85 117
2 85 120
2 85 150
2 85 343
2 86 113
2 87 303
2 88 91
2 88 103
2 88 110
2 88 130
2 88 132
2 88 133
2 88 138
2 88 158
2 88 172
2 88 196
2 88 203
2 88 204
2 88 206
2 88 215
2 88 220
2 88 232
2 88 233
2 88 236
2 88 241
2 88 249
2 88 250
2 88 270
2 88 271
2 88 277
2 88 280
2 88 333
2 88 366
2 88 369
2 88 377
2 88 378
2 88 398
2 88 430
2 88 446
2 88 458
2 88 459
2 88 466
2 88 471
2 88 480
2 88 483
2 89 168
2 89 349
2 90 179
2 90 189
2 90 231
2 90 234
2 90 261
2 90 267
2 90 389
2 90 409
2 90 419
2 90 450
2 90 477
2 91 127
2 91 186
2 91 205
2 91 231
2 91 443
2 92 125
2 92 281
2 92 442
2 93 275
2 93 281
2 93 442
2 94 158
2 94 256
2 94 270
2 94 420
2 95 117
2 95 158
2 95 232
2 95 315
2 95 435
2 96 120
2 96 150
2 96 232
2 96 298
2 96 382
2 97 158
2 97 332
2 97 403
2 97 442
2 98 143
2 98 186
2 98 231
2 98 353
2 98 437
2 99 117
2 99 158
2 101 146
2 101 326
2 102 232
2 102 256
2 102 420
2 103 117
2 103 152
2 103 158
2 103 179
2 103 231
2 103 256
2 103 276
2 103 292
2 103 318
2 103 336
2 103 360
2 103 420
2 105 185
2 105 468
2 106 257
2 107 158
2 107 309
2 107 420
2 107 460
2 108 229
2 108 251
2 108 416
2 109 195
2 109 237
2 109 246
2 109 426
2 109 431
2 109 468
2 110 158
2 110 247
2 111 115
2 111 158
2 111 257
2 111 292
2 111 367
2 111 393
2 112 126
2 112 231
2 112 235
2 112 304
2 112 437
2 113 120
2 113 152
2 113 158
2 113 173
2 113 180
2 113 242
2 113 417
2 113 420
2 113 454
2 114 383
2 114 464
2 115 130
2 115 334
2 115 367
2 116 190
2 117 135
2 117 158
2 117 232
2 117 257
2 117 315
2 117 340
2 117 496
2 118 137
2 118 244
2 118 420
2 118 424
2 118 451
2 119 158
2 119 295
2 119 408
2 119 414
2 119 420
2 120 121
2 120 158
2 120 232
2 120 270
2 120 298
2 120 338
2 120 420
2 120 473
2 120 494
2 121 232
2 121 315
2 121 338
2 121 413
2 121 473
2 122 127
2 122 199
2 122 248
2 122 280
2 122 396
2 122 481
2 122 487
2 123 474
2 125 158
2 125 201
2 125 214
2 125 222
2 125 262
2 125 270
2 125 364
2 125 420
2 125 478
2 125 479
2 126 231
2 126 299
2 126 383
2 126 437
2 127 141
2 127 168
2 127 199
2 127 210
2 127 256
2 127 290
2 127 301
2 127 324
2 127 359
2 127 379
2 127 396
2 127 397
2 127 400
2 127 437
2 127 498
2 129 158
2 129 174
2 129 177
2 129 180
2 129 202
2 129 266
2 129 309
2 129 385
2 129 420
2 130 148
2 130 158
2 130 233
2 130 470
2 131 468
2 132 187
2 132 350
2 132 410
2 132 484
2 133 440
2 135 232
2 135 256
2 135 340
2 135 345
2 136 420
2 136 451
2 137 245
2 137 309
2 137 406
2 137 424
2 137 451
2 138 342
2 139 256
2 139 383
2 139 409
2 140 180
2 141 301
2 142 158
2 142 276
2 142 302
2 142 408
2 142 414
2 142 420
2 142 428
2 143 186
2 144 249
2 145 216
2 145 344
2 145 458
2 147 198
2 147 409
2 148 158
2 149 413
2 149 493
2 150 491
2 151 332
2 151 403
2 152 158
2 152 395
2 152 417
2 152 467
2 154 257
2 154 394
2 154 420
2 156 256
2 156 373
2 156 494
2 157 308
2 157 409
2 157 477
2 158 163
2 158 173
2 158 177
2 158 179
2 158 183
2 158 197
2 158 206
2 158 224
2 158 225
2 158 232
2 158 242
2 158 245
2 158 255
2 158 256
2 158 270
2 158 272
2 158 276
2 158 280
2 158 284
2 158 292
2 158 293
2 158 295
2 158 296
2 158 297
2 158 302
2 158 305
2 158 313
2 158 315
2 158 318
2 158 319
2 158 325
2 158 329
2 158 335
2 158 336
2 158 341
2 158 343
2 158 345
2 158 351
2 158 354
2 158 360
2 158 365
2 158 369
2 158 377
2 158 382
2 158 383
2 158 385
2 158 390
2 158 395
2 158 401
2 158 407
2 158 408
2 158 409
2 158 414
2 158 416
2 158 417
2 158 418
2 158 420
2 158 426
2 158 433
2 158 437
2 158 453
2 158 454
2 158 460
2 158 462
2 158 473
2 158 476
2 158 478
2 158 488
2 158 493
2 158 494
2 158 499
2 159 177
2 159 420
2 160 425
2 160 447
2 161 238
2 161 447
2 162 238
2 162 361
2 162 376
2 163 206
2 163 220
2 164 268
2 164 317
2 164 352
2 164 363
2 164 452
2 164 469
2 165 420
2 166 209
2 166 290
2 167 173
2 169 389
2 169 429
2 171 310
2 171 492
2 172 195
2 172 220
2 172 257
2 172 326
2 172 391
2 172 410
2 172 440
2 173 242
2 173 292
2 173 302
2 173 309
2 173 318
2 173 361
2 173 367
2 173 387
2 173 395
2 173 417
2 173 456
2 173 482
2 174 197
2 174 256
2 174 318
2 174 420
2 174 452
2 175 412
2 176 335
2 177 256
2 177 318
2 178 321
2 178 326
2 178 418
2 178 445
2 179 224
2 179 232
2 179 256
2 179 420
2 180 318
2 180 378
2 180 420
2 180 455
2 181 216
2 181 249
2 181 398
2 182 231
2 182 235
2 183 256
2 183 270
2 183 365
2 184 497
2 185 256
2 185 263
2 185 265
2 187 350
2 188 243
2 188 326
2 189 261
2 189 419
2 190 236
2 190 410
2 190 426
2 191 231
2 191 400
2 191 437
2 192 305
2 193 419
2 193 450
2 194 443
2 195 426
2 196 398
2 197 318
2 197 341
2 198 231
2 198 389
2 198 409
2 199 231
2 199 248
2 199 280
2 199 481
2 199 487
2 200 264
2 201 364
2 202 225
2 202 258
2 202 318
2 202 420
2 203 269
2 203 347
2 204 236
2 204 440
2 205 374
2 206 216
2 206 220
2 206 236
2 206 253
2 206 277
2 206 327
2 206 344
2 206 368
2 206 375
2 206 431
2 206 458
2 206 485
2 208 288
2 208 421
2 209 273
2 209 290
2 209 331
2 211 361
2 211 425
2 212 297
2 212 453
2 213 219
2 213 259
2 213 326
2 213 421
2 214 242
2 214 395
2 214 417
2 214 454
2 214 467
2 216 398
2 216 402
2 217 322
2 218 230
2 218 256
2 218 420
2 219 249
2 219 290
2 219 379
2 219 392
2 219 420
2 220 250
2 220 377
2 220 420
2 220 430
2 220 459
2 221 249
2 221 402
2 222 224
2 223 234
2 224 232
2 224 247
2 224 442
2 224 465
2 225 239
2 225 408
2 226 248
2 227 232
2 230 256
2 230 354
2 230 413
2 231 248
2 231 274
2 231 299
2 231 301
2 231 304
2 231 308
2 231 322
2 231 400
2 231 420
2 231 437
2 231 443
2 231 447
2 231 468
2 231 474
2 231 495
2 232 251
2 232 256
2 232 270
2 232 291
2 232 302
2 232 305
2 232 315
2 232 325
2 232 329
2 232 337
2 232 338
2 232 340
2 232 343
2 232 345
2 232 354
2 232 364
2 232 365
2 232 420
2 232 435
2 232 442
2 232 494
2 232 496
2 234 420
2 235 474
2 236 440
2 237 366
2 237 393
2 237 412
2 238 376
2 239 420
2 240 419
2 240 450
2 240 495
2 241 368
2 242 266
2 242 284
2 242 401
2 242 417
2 242 454
2 242 467
2 244 284
2 244 309
2 244 318
2 245 318
2 246 341
2 248 280
2 248 324
2 248 396
2 248 487
2 249 253
2 249 259
2 249 271
2 249 289
2 249 300
2 249 398
2 249 402
2 249 438
2 249 447
2 250 253
2 250 459
2 252 260
2 252 310
2 252 439
2 252 447
2 252 476
2 253 377
2 253 459
2 254 474
2 256 270
2 256 293
2 256 315
2 256 363
2 256 401
2 256 420
2 256 433
2 256 499
2 257 292
2 257 334
2 257 394
2 258 420
2 259 289
2 259 321
2 259 350
2 259 398
2 259 441
2 259 489
2 260 361
2 261 267
2 262 317
2 262 427
2 263 298
2 264 292
2 265 296
2 265 367
2 265 369
2 266 318
2 266 390
2 267 450
2 268 275
2 268 421
2 268 495
2 269 347
2 269 369
2 269 399
2 270 302
2 270 345
2 270 365
2 271 412
2 271 483
2 272 420
2 273 290
2 274 400
2 274 464
2 275 286
2 275 452
2 276 414
2 276 420
2 276 428
2 277 375
2 277 458
2 279 381
2 279 420
2 279 469
2 280 282
2 280 481
2 280 487
2 283 427
2 284 309
2 284 451
2 285 412
2 287 288
2 288 326
2 288 421
2 289 420
2 290 397
2 291 491
2 292 334
2 292 393
2 292 394
2 294 356
2 294 485
2 295 319
2 295 408
2 295 420
2 297 360
2 297 420
2 297 453
2 297 478
2 299 400
2 300 438
2 301 324
2 301 468
2 302 354
2 302 407
2 302 420
2 304 400
2 304 437
2 304 474
2 305 316
2 305 318
2 305 417
2 305 451
2 306 344
2 306 437
2 307 333
2 307 366
2 308 320
2 308 346
2 308 357
2 308 364
2 308 452
2 308 453
2 309 451
2 310 447
2 313 420
2 313 462
2 314 422
2 315 325
2 315 340
2 315 354
2 315 496
2 317 442
2 318 420
2 318 437
2 318 451
2 319 336
2 319 453
2 320 323
2 320 352
2 320 495
2 321 418
2 323 422
2 324 397
2 324 498
2 325 354
2 325 407
2 325 435
2 327 458
2 328 393
2 329 382
2 329 435
2 332 403
2 333 366
2 334 367
2 335 482
2 336 420
2 337 433
2 339 374
2 342 366
2 343 354
2 345 354
2 345 435
2 347 369
2 347 468
2 347 482
2 348 398
2 348 426
2 351 385
2 351 420
2 352 495
2 354 409
2 354 434
2 355 371
2 355 474
2 356 412
2 360 369
2 361 376
2 361 439
2 362 425
2 362 447
2 363 404
2 364 389
2 365 420
2 368 466
2 369 399
2 369 420
2 369 468
2 369 490
2 370 388
2 370 476
2 371 474
2 372 420
2 372 424
2 372 451
2 375 458
2 377 480
2 379 438
2 379 444
2 381 469
2 381 474
2 381 495
2 383 437
2 383 450
2 383 464
2 385 390
2 385 420
2 386 426
2 386 431
2 387 482
2 389 429
2 389 477
2 390 414
2 390 420
2 391 426
2 391 431
2 395 417
2 396 481
2 396 487
2 401 488
2 402 458
2 406 424
2 406 451
2 408 414
2 408 420
2 409 419
2 409 429
2 412 470
2 412 483
2 412 485
2 413 449
2 413 473
2 414 420
2 414 424
2 414 428
2 416 491
2 417 467
2 419 450
2 420 428
2 420 431
2 420 442
2 420 451
2 420 453
2 420 462
2 420 463
2 420 472
2 420 488
2 420 495
2 420 499
2 423 468
2 424 451
2 426 431
2 430 480
2 437 474
2 441 489
2 446 458
2 447 492
2 452 469
2 453 478
2 481 487
