0 61
0 296
1 63
1 274
1 299
1 352
1 368
2 347
3 71
4 269
4 361
5 61
5 309
6 314
6 318
7 407
7 457
8 397
9 38
9 54
9 75
9 91
9 95
9 126
9 187
9 193
9 212
9 213
9 216
9 263
9 327
9 331
9 351
9 354
9 416
9 439
9 468
9 493
11 61
11 98
11 196
11 296
11 309
11 383
11 445
11 480
13 178
13 328
14 303
14 314
14 406
15 391
15 439
15 471
16 186
16 417
17 78
18 44
18 51
18 210
18 276
18 281
18 360
18 464
18 479
19 63
19 91
19 100
19 223
19 254
22 468
23 62
23 75
23 142
23 213
23 413
24 81
24 213
24 469
25 71
25 493
26 52
26 230
26 273
27 260
28 79
28 109
28 480
29 37
29 171
29 178
29 190
29 311
30 37
30 64
30 72
30 74
30 123
30 145
30 166
30 168
30 209
30 281
30 295
30 410
30 427
30 432
30 452
30 494
31 444
32 112
32 193
32 235
33 43
33 177
33 278
33 384
34 151
34 210
34 217
34 334
35 58
35 156
35 419
35 455
36 44
36 65
36 151
36 154
36 189
36 203
36 210
36 268
36 286
36 294
36 315
36 320
36 330
36 464
37 86
37 190
37 237
37 426
38 212
38 457
39 250
39 311
39 490
40 181
40 255
40 296
40 383
41 335
42 85
42 386
43 91
43 151
43 177
43 218
43 384
43 400
43 463
43 470
44 210
46 71
47 93
47 204
47 487
48 92
48 128
49 115
49 203
50 257
50 330
50 342
51 114
51 281
52 444
53 76
53 425
54 158
54 187
54 215
55 206
55 292
56 178
56 264
58 143
58 222
59 269
59 296
59 319
59 326
59 346
59 361
59 423
60 92
60 244
60 453
61 71
61 98
61 196
61 296
61 309
61 348
61 359
61 445
61 480
61 491
62 133
62 235
62 471
63 91
63 99
63 100
63 116
63 119
63 138
63 223
63 254
63 275
63 299
63 398
63 401
63 428
63 492
64 72
64 267
64 370
64 431
65 475
66 324
68 182
69 275
69 278
69 299
69 382
70 71
70 170
71 82
71 87
71 96
71 98
71 148
71 170
71 194
71 200
71 232
71 245
71 250
71 265
71 279
71 284
71 299
71 309
71 436
71 444
71 491
71 495
72 96
72 135
72 281
72 330
72 380
73 364
75 193
75 211
75 246
75 327
75 446
76 163
76 191
76 280
76 315
77 393
78 410
79 171
79 237
79 311
79 346
80 341
81 263
84 473
85 155
85 372
86 264
86 436
86 496
87 174
87 200
88 455
89 159
89 167
89 257
89 292
90 106
90 157
90 233
90 288
90 463
91 95
91 99
91 100
91 254
91 299
92 128
92 281
93 178
93 266
93 272
93 396
95 116
95 173
95 229
95 270
95 299
95 332
95 398
96 135
96 380
97 227
98 196
98 249
98 445
99 116
99 223
99 254
99 428
99 492
100 254
100 274
103 132
103 157
103 339
104 188
104 472
105 337
106 111
106 121
106 157
106 463
107 495
108 252
110 317
111 425
111 475
112 298
113 290
113 355
113 369
113 400
113 472
114 330
115 160
115 203
115 463
115 475
116 167
116 223
116 254
116 401
116 428
116 492
117 300
117 402
118 156
118 419
120 175
120 371
121 324
123 210
123 371
123 463
124 303
125 270
126 211
126 327
129 253
129 465
131 210
131 281
131 316
131 330
131 405
132 161
132 324
132 463
132 489
134 381
136 344
137 148
137 250
138 229
138 283
138 415
139 277
139 294
139 330
140 290
140 444
141 299
142 247
142 448
142 461
143 221
143 455
144 151
144 217
144 418
145 156
145 180
145 410
145 419
145 450
145 488
148 250
148 266
148 311
149 303
149 314
149 406
150 349
150 444
151 217
151 320
151 395
151 463
152 224
152 281
152 330
152 444
153 493
154 294
154 320
154 330
154 422
154 447
154 463
154 464
155 390
157 339
158 187
159 257
160 183
160 324
161 350
161 463
162 216
162 263
162 493
163 191
163 343
164 166
165 198
165 259
166 297
166 346
166 367
166 494
167 210
167 231
167 257
167 287
167 481
167 486
169 258
169 291
169 322
169 325
169 412
171 250
171 270
173 229
173 254
175 180
175 281
175 287
175 371
175 444
175 453
175 463
175 486
176 346
177 299
178 264
178 266
178 269
178 272
178 306
178 345
178 396
178 451
178 477
178 487
179 286
179 464
180 410
180 450
180 488
181 303
181 341
181 373
182 416
182 480
183 278
183 324
183 350
183 463
184 203
184 249
184 480
185 251
185 290
185 447
188 400
189 210
189 281
189 463
189 484
190 270
191 315
191 336
192 329
192 345
193 327
194 445
195 204
195 296
195 436
195 496
196 259
196 296
196 309
196 328
197 250
198 259
198 471
200 265
200 303
200 483
201 380
203 217
203 229
203 271
203 457
203 463
203 474
203 475
205 278
206 419
207 406
208 379
210 271
210 281
210 316
210 330
210 357
210 444
210 463
210 484
211 215
213 226
213 301
213 430
213 465
213 471
213 482
213 485
216 263
216 351
216 493
217 249
217 286
217 330
217 385
217 395
217 418
217 457
217 463
217 464
220 281
220 425
220 457
220 464
222 408
223 254
223 275
223 299
223 305
223 492
224 281
224 444
225 377
225 465
226 482
227 344
230 444
231 335
232 237
232 256
234 486
235 249
236 407
236 457
238 493
240 291
240 346
242 260
243 496
244 371
245 308
247 355
247 463
249 349
249 359
250 279
250 307
250 311
250 424
250 426
250 490
251 444
251 447
253 303
253 493
254 299
254 398
254 492
256 463
257 481
257 486
258 312
258 486
260 301
261 359
262 305
262 401
264 272
265 279
266 272
266 451
267 291
268 312
268 392
268 486
269 326
269 346
269 367
269 399
269 423
269 477
270 291
270 307
270 311
270 424
270 426
271 300
271 330
271 357
271 360
271 385
271 405
271 440
271 444
271 464
273 281
274 352
274 368
274 415
275 299
275 305
275 382
276 281
276 360
277 316
277 330
278 299
279 303
280 317
281 290
281 293
281 300
281 310
281 330
281 357
281 360
281 402
281 422
281 444
281 447
281 453
281 455
281 476
281 479
282 318
282 383
284 460
286 463
286 464
288 463
289 463
289 475
291 322
291 386
292 481
294 320
294 330
296 303
296 377
296 404
296 416
296 445
298 404
299 324
299 343
299 352
299 382
299 393
299 397
299 398
299 401
299 413
299 414
299 428
299 474
302 378
302 455
303 314
303 387
303 406
303 497
304 356
305 401
305 476
306 396
307 490
309 491
310 360
310 464
311 490
312 371
312 453
314 497
315 336
316 330
319 423
320 330
320 340
320 464
320 484
322 466
323 342
323 475
324 374
324 447
324 463
324 474
327 438
327 446
328 452
330 357
330 378
330 405
330 428
330 444
330 457
330 464
330 484
331 493
332 413
334 407
335 371
335 486
336 401
338 387
340 395
340 464
340 474
342 365
345 423
346 361
347 448
348 491
349 364
350 463
351 493
352 415
353 457
355 369
355 400
355 461
355 463
356 408
357 405
359 411
360 479
361 367
363 491
364 394
367 457
368 415
370 431
371 486
372 386
373 495
375 495
377 463
377 465
378 390
384 472
385 405
385 440
385 444
388 436
390 431
390 432
391 471
393 475
395 457
400 472
401 428
401 429
404 416
404 491
406 497
407 457
407 474
408 486
409 462
410 450
416 456
416 491
420 457
425 463
425 489
427 463
427 494
430 485
431 432
433 489
437 477
439 471
439 482
441 468
442 486
444 447
444 450
444 464
444 476
447 464
448 489
453 486
457 458
457 463
457 474
457 494
458 474
458 475
463 464
463 475
463 479
481 486
482 485
