0 63
0 158
0 179
1 13
1 208
1 287
1 303
1 326
2 5
2 11
2 88
2 123
2 254
2 355
2 371
2 437
2 474
3 216
3 249
3 398
4 158
4 180
4 203
4 335
4 346
4 378
5 123
5 474
7 158
7 232
7 256
7 270
7 365
8 88
8 398
9 38
9 127
9 128
9 209
9 210
9 273
9 290
9 301
9 457
9 487
10 192
10 305
10 316
11 123
11 205
11 231
11 235
11 254
11 355
11 474
12 90
12 267
12 332
12 450
13 32
13 188
13 288
14 113
14 152
14 387
15 379
15 486
16 117
16 354
16 420
16 434
17 33
18 112
18 134
18 374
19 53
19 117
19 120
19 232
19 373
19 494
20 33
20 100
21 151
21 232
21 337
21 365
21 403
21 420
22 84
23 125
23 283
23 317
24 220
25 251
26 76
26 88
26 206
26 277
27 142
27 202
27 420
27 462
27 472
28 38
28 219
28 278
28 397
28 447
29 122
29 127
29 199
29 248
29 448
29 481
30 92
30 93
30 125
30 281
30 442
32 161
32 162
32 231
32 238
32 361
32 377
32 436
33 308
33 317
33 474
34 158
35 132
35 484
36 88
36 164
36 231
36 268
36 279
36 320
36 381
36 452
36 469
36 495
37 497
38 60
38 127
38 128
38 199
38 209
38 231
38 273
38 278
38 290
38 301
38 397
38 457
39 88
39 185
39 296
40 88
40 192
40 305
40 309
40 420
40 463
41 96
41 338
41 382
42 158
42 256
42 305
42 316
42 420
43 142
43 158
43 239
43 420
43 428
43 472
44 158
44 179
44 385
45 77
45 117
45 158
45 232
45 354
45 420
46 67
46 292
46 412
47 158
47 177
47 420
48 202
48 256
48 420
48 428
48 435
49 76
49 88
49 144
49 348
49 402
50 174
50 246
50 318
51 152
51 242
51 417
52 55
52 166
52 209
52 290
53 58
53 156
53 158
53 231
53 298
53 373
53 494
54 172
54 195
55 273
55 290
57 216
57 249
57 402
58 95
58 232
58 256
58 315
58 435
59 158
59 174
59 202
60 457
61 412
62 125
63 158
63 420
64 70
64 404
65 220
65 250
65 253
66 223
66 358
67 111
67 115
67 158
67 160
67 292
67 367
67 420
68 209
68 273
68 290
68 457
69 103
69 227
69 413
69 493
70 308
70 323
70 404
72 124
72 259
72 289
72 497
73 92
73 125
74 460
75 100
75 158
76 144
76 196
76 438
77 78
77 95
77 158
77 218
77 230
77 232
77 256
77 354
77 434
78 88
78 158
78 232
78 270
79 231
80 125
80 364
80 479
81 158
81 420
82 158
82 173
82 183
82 270
82 433
82 496
83 237
84 125
84 151
84 232
84 381
85 117
85 120
85 150
85 343
86 113
87 303
88 91
88 103
88 110
88 130
88 132
88 133
88 138
88 158
88 172
88 196
88 203
88 204
88 206
88 215
88 220
88 232
88 233
88 236
88 241
88 249
88 250
88 270
88 271
88 277
88 280
88 333
88 366
88 369
88 377
88 378
88 398
88 430
88 446
88 458
88 459
88 466
88 471
88 480
88 483
89 168
89 349
90 179
90 189
90 231
90 234
90 261
90 267
90 389
90 409
90 419
90 450
90 477
91 127
91 186
91 205
91 231
91 443
92 125
92 281
92 442
93 275
93 281
93 442
94 158
94 256
94 270
94 420
95 117
95 158
95 232
95 315
95 435
96 120
96 150
96 232
96 298
96 382
97 158
97 332
97 403
97 442
98 143
98 186
98 231
98 353
98 437
99 117
99 158
101 146
101 326
102 232
102 256
102 420
103 117
103 152
103 158
103 179
103 231
103 256
103 276
103 292
103 318
103 336
103 360
103 420
105 185
105 468
106 257
107 158
107 309
107 420
107 460
108 229
108 251
108 416
109 195
109 237
109 246
109 426
109 431
109 468
110 158
110 247
111 115
111 158
111 257
111 292
111 367
111 393
112 126
112 231
112 235
112 304
112 437
113 120
113 152
113 158
113 173
113 180
113 242
113 417
113 420
113 454
114 383
114 464
115 130
115 334
115 367
116 190
117 135
117 158
117 232
117 257
117 315
117 340
117 496
118 137
118 244
118 420
118 424
118 451
119 158
119 295
119 408
119 414
119 420
120 121
120 158
120 232
120 270
120 298
120 338
120 420
120 473
120 494
121 232
121 315
121 338
121 413
121 473
122 127
122 199
122 248
122 280
122 396
122 481
122 487
123 474
125 158
125 201
125 214
125 222
125 262
125 270
125 364
125 420
125 478
125 479
126 231
126 299
126 383
126 437
127 141
127 168
127 199
127 210
127 256
127 290
127 301
127 324
127 359
127 379
127 396
127 397
127 400
127 437
127 498
129 158
129 174
129 177
129 180
129 202
129 266
129 309
129 385
129 420
130 148
130 158
130 233
130 470
131 468
132 187
132 350
132 410
132 484
133 440
135 232
135 256
135 340
135 345
136 420
136 451
137 245
137 309
137 406
137 424
137 451
138 342
139 256
139 383
139 409
140 180
141 301
142 158
142 276
142 302
142 408
142 414
142 420
142 428
143 186
144 249
145 216
145 344
145 458
147 198
147 409
148 158
149 413
149 493
150 491
151 332
151 403
152 158
152 395
152 417
152 467
154 257
154 394
154 420
156 256
156 373
156 494
157 308
157 409
157 477
158 163
158 173
158 177
158 179
158 183
158 197
158 206
158 224
158 225
158 232
158 242
158 245
158 255
158 256
158 270
158 272
158 276
158 280
158 284
158 292
158 293
158 295
158 296
158 297
158 302
158 305
158 313
158 315
158 318
158 319
158 325
158 329
158 335
158 336
158 341
158 343
158 345
158 351
158 354
158 360
158 365
158 369
158 377
158 382
158 383
158 385
158 390
158 395
158 401
158 407
158 408
158 409
158 414
158 416
158 417
158 418
158 420
158 426
158 433
158 437
158 453
158 454
158 460
158 462
158 473
158 476
158 478
158 488
158 493
158 494
158 499
159 177
159 420
160 425
160 447
161 238
161 447
162 238
162 361
162 376
163 206
163 220
164 268
164 317
164 352
164 363
164 452
164 469
165 420
166 209
166 290
167 173
169 389
169 429
171 310
171 492
172 195
172 220
172 257
172 326
172 391
172 410
172 440
173 242
173 292
173 302
173 309
173 318
173 361
173 367
173 387
173 395
173 417
173 456
173 482
174 197
174 256
174 318
174 420
174 452
175 412
176 335
177 256
177 318
178 321
178 326
178 418
178 445
179 224
179 232
179 256
179 420
180 318
180 378
180 420
180 455
181 216
181 249
181 398
182 231
182 235
183 256
183 270
183 365
184 497
185 256
185 263
185 265
187 350
188 243
188 326
189 261
189 419
190 236
190 410
190 426
191 231
191 400
191 437
192 305
193 419
193 450
194 443
195 426
196 398
197 318
197 341
198 231
198 389
198 409
199 231
199 248
199 280
199 481
199 487
200 264
201 364
202 225
202 258
202 318
202 420
203 269
203 347
204 236
204 440
205 374
206 216
206 220
206 236
206 253
206 277
206 327
206 344
206 368
206 375
206 431
206 458
206 485
208 288
208 421
209 273
209 290
209 331
211 361
211 425
212 297
212 453
213 219
213 259
213 326
213 421
214 242
214 395
214 417
214 454
214 467
216 398
216 402
217 322
218 230
218 256
218 420
219 249
219 290
219 379
219 392
219 420
220 250
220 377
220 420
220 430
220 459
221 249
221 402
222 224
223 234
224 232
224 247
224 442
224 465
225 239
225 408
226 248
227 232
230 256
230 354
230 413
231 248
231 274
231 299
231 301
231 304
231 308
231 322
231 400
231 420
231 437
231 443
231 447
231 468
231 474
231 495
232 251
232 256
232 270
232 291
232 302
232 305
232 315
232 325
232 329
232 337
232 338
232 340
232 343
232 345
232 354
232 364
232 365
232 420
232 435
232 442
232 494
232 496
234 420
235 474
236 440
237 366
237 393
237 412
238 376
239 420
240 419
240 450
240 495
241 368
242 266
242 284
242 401
242 417
242 454
242 467
244 284
244 309
244 318
245 318
246 341
248 280
248 324
248 396
248 487
249 253
249 259
249 271
249 289
249 300
249 398
249 402
249 438
249 447
250 253
250 459
252 260
252 310
252 439
252 447
252 476
253 377
253 459
254 474
256 270
256 293
256 315
256 363
256 401
256 420
256 433
256 499
257 292
257 334
257 394
258 420
259 289
259 321
259 350
259 398
259 441
259 489
260 361
261 267
262 317
262 427
263 298
264 292
265 296
265 367
265 369
266 318
266 390
267 450
268 275
268 421
268 495
269 347
269 369
269 399
270 302
270 345
270 365
271 412
271 483
272 420
273 290
274 400
274 464
275 286
275 452
276 414
276 420
276 428
277 375
277 458
279 381
279 420
279 469
280 282
280 481
280 487
283 427
284 309
284 451
285 412
287 288
288 326
288 421
289 420
290 397
291 491
292 334
292 393
292 394
294 356
294 485
295 319
295 408
295 420
297 360
297 420
297 453
297 478
299 400
300 438
301 324
301 468
302 354
302 407
302 420
304 400
304 437
304 474
305 316
305 318
305 417
305 451
306 344
306 437
307 333
307 366
308 320
308 346
308 357
308 364
308 452
308 453
309 451
310 447
313 420
313 462
314 422
315 325
315 340
315 354
315 496
317 442
318 420
318 437
318 451
319 336
319 453
320 323
320 352
320 495
321 418
323 422
324 397
324 498
325 354
325 407
325 435
327 458
328 393
329 382
329 435
332 403
333 366
334 367
335 482
336 420
337 433
339 374
342 366
343 354
345 354
345 435
347 369
347 468
347 482
348 398
348 426
351 385
351 420
352 495
354 409
354 434
355 371
355 474
356 412
360 369
361 376
361 439
362 425
362 447
363 404
364 389
365 420
368 466
369 399
369 420
369 468
369 490
370 388
370 476
371 474
372 420
372 424
372 451
375 458
377 480
379 438
379 444
381 469
381 474
381 495
383 437
383 450
383 464
385 390
385 420
386 426
386 431
387 482
389 429
389 477
390 414
390 420
391 426
391 431
395 417
396 481
396 487
401 488
402 458
406 424
406 451
408 414
408 420
409 419
409 429
412 470
412 483
412 485
413 449
413 473
414 420
414 424
414 428
416 491
417 467
419 450
420 428
420 431
420 442
420 451
420 453
420 462
420 463
420 472
420 488
420 495
420 499
423 468
424 451
426 431
430 480
437 474
441 489
446 458
447 492
452 469
453 478
481 487
